    loco                       seg     kind       t0       t1     n      dur  len_W  pwm  median  MAD      p5      p95       p1      p99  spread5_95  dmed_thirds  slope_cps  slope_perW  blk_range  blk_maxstep  blk_curv  rec_base next_pol prev_pol
0   otto  otto_low_pwm_N_seq33704+      pre     0.00   326.00   327   326.00   1.14   37  1933.0  2.0  1929.0  1941.00  1927.00  1942.00       12.00          0.0       0.00        0.00        0.0          0.0      0.00      1932        N         
1   otto  otto_low_pwm_N_seq33704+  bounded  5432.00  5476.00    45    44.00   0.29   72  1933.0  1.0  1931.0  1935.00  1931.00  1935.56        4.00          NaN       0.00        0.00        NaN          NaN       NaN      1932        S        S
2   otto   otto_mid_pwm_N_seq41887      pre     0.00   174.71   176   174.71   1.79   90  1933.0  2.0  1930.0  1942.00  1928.75  1943.25       12.00          0.0       0.00        0.00        NaN          NaN       NaN      1932        S         
3   otto   otto_mid_pwm_N_seq41887  bounded  1295.71  1395.71   101   100.00   1.01   90  1934.0  3.0  1931.0  1941.00  1927.00  1942.00       10.00          1.0      28.99        2.88        NaN          NaN       NaN      1932        N        S
4   otto   otto_mid_pwm_N_seq41887  bounded  2557.71  2666.71   110   109.00   1.08   90  1933.0  2.0  1930.0  1941.00  1928.09  1942.91       11.00          0.0       0.00        0.00        NaN          NaN       NaN      1932        S        N
5   otto   otto_mid_pwm_N_seq41887     post  3815.71  3999.71   185   184.00   1.84   90  1933.0  1.0  1930.0  1941.80  1925.68  1943.00       11.80          0.0       0.00        0.00        NaN          NaN       NaN      1932                 S
6   otto  otto_low_pwm_S_seq111892      pre     0.00   953.00   954   953.00   5.35   65  1935.0  2.0  1932.0  1943.00  1930.00  1946.00       11.00         -2.0      -2.29       -0.41        2.0          1.0      0.67      1935        S         
7   otto  otto_low_pwm_S_seq111892  bounded  3001.00  3139.00   139   138.00   0.78   60  1934.0  1.0  1931.0  1942.00  1931.00  1943.00       11.00         -1.0      -9.17       -1.63        NaN          NaN       NaN      1935        N        S
8   otto  otto_high_pwm_N_seq11794      pre     0.00  1240.00  1241  1240.00   9.54   72  1934.0  1.0  1931.0  1936.00  1930.00  1936.00        5.00          1.0       1.81        0.24        4.0          2.0      1.10      1935        S         
9   otto  otto_high_pwm_N_seq11794  bounded  2736.00  2913.00   178   177.00   1.55  107  1934.0  1.0  1931.0  1936.00  1928.77  1936.00        5.00          0.0       0.00        0.00        NaN          NaN       NaN      1935        N        S
10  otto  otto_high_pwm_N_seq11794  bounded  4041.00  4115.00    75    74.00   0.76  110  1933.0  2.0  1930.0  1942.30  1929.22  1943.00       12.30         -8.0    -105.27      -10.26        NaN          NaN       NaN      1935        N        N
11  otto  otto_high_pwm_N_seq11794     post  5231.00  5491.28   261   260.28   2.68  110  1936.0  2.0  1933.0  1945.00  1930.60  1946.00       12.00          1.0       0.00        0.00        1.0          1.0       NaN      1935                 N
12  otto  otto_difficult_not_a_mag      pre     0.00    65.00    66    65.00   0.61   90  1902.5  3.5  1899.0  1910.75  1898.65  1911.00       11.75         -7.0    -142.86      -15.14        NaN          NaN       NaN      1935        S         
13  otto  otto_difficult_not_a_mag  bounded  1283.00  1416.00   134   133.00   1.29   90  1902.0  2.0  1898.0  1911.00  1897.33  1912.67       13.00         -5.0       0.00        0.00        NaN          NaN       NaN      1935        N        S
14  otto  otto_difficult_not_a_mag  bounded  2565.00  2821.00   257   256.00   2.45   90  1901.0  1.0  1899.0  1909.00  1897.56  1910.44       10.00          1.0       9.09        0.95        0.0          0.0       NaN      1935        N        N
15  otto  otto_difficult_no_positi      pre     0.00   252.00   253   252.00   0.92    0  1903.0  1.0  1900.0  1911.00  1899.00  1913.00       11.00          0.0       0.00        0.00        0.0          0.0       NaN      1935        S         
16  otto  otto_difficult_no_positi     post  3414.00  4000.00   587   586.00   2.13    0  1902.0  1.0  1899.0  1909.00  1897.00  1911.00       10.00          0.0       0.00        0.00        1.0          1.0      0.60      1935                 S
17  otto  otto_difficult_wrong_mag  bounded  1219.00  1342.00   124   123.00   1.09   90  1900.0  1.0  1898.0  1902.85  1897.00  1903.00        4.85         -2.0       0.00        0.00        NaN          NaN       NaN      1935        N        S
18  otto  otto_difficult_wrong_mag     post  2677.00  4000.00  1324  1323.00  11.41   49  1902.0  2.0  1899.0  1910.00  1897.00  1911.00       11.00          2.0       2.56        0.30        4.0          1.5      0.79      1935                 N
19  toby    toby_mid_pwm_S_t409264      pre     0.00  1051.00  1045  1051.00   5.56   53  1799.0  1.0  1796.0  1801.00  1792.00  1807.00        5.00          0.0       0.00        0.00        0.0          0.0      0.00      1798        S         
20  toby    toby_mid_pwm_N_t415952      pre     0.00   497.00   494   497.00   5.78   90  1800.0  1.0  1797.0  1803.00  1792.00  1805.07        6.00         -2.0      -4.83       -0.42        3.0          2.0      0.50      1798        S         
21  toby    toby_mid_pwm_N_t415952  bounded  1422.00  1565.00   141   143.00   1.66   90  1798.0  1.0  1797.0  1800.00  1796.00  1802.20        3.00         -1.0       0.00        0.00        NaN          NaN       NaN      1798        N        S
22  toby    toby_mid_pwm_N_t415952  bounded  2490.00  2576.00    85    86.00   0.95   90  1798.0  1.0  1796.0  1800.00  1792.04  1801.16        4.00          0.0       0.00        0.00        NaN          NaN       NaN      1798        N        N
23  toby    toby_mid_pwm_N_t415952     post  3609.00  4000.00   390   391.00   4.07   90  1799.0  1.0  1797.0  1802.00  1794.00  1811.22        5.00          1.0       0.00        0.00        1.0          1.0      0.33      1798                 N
24  toby    toby_low_pwm_S_t437078      pre     0.00  1165.00  1156  1165.00   7.02   63  1797.0  1.0  1793.0  1800.00  1791.00  1802.45        7.00          3.0       3.87        0.64        4.0          2.0      1.18      1798        S         
25  toby    toby_low_pwm_S_t437078     post  2950.00  4000.00  1047  1050.00   6.33   60  1800.0  1.0  1798.0  1808.00  1795.00  1809.54       10.00          5.0       6.62        1.10        7.0          3.0      2.70      1798                 S
26  toby    toby_low_pwm_N_t442867  bounded   950.00  1179.00   229   229.00   1.49   60  1799.0  1.0  1796.0  1801.00  1795.00  1804.88        5.00         -1.0      -4.98       -0.77        0.0          0.0       NaN      1798        N        S
27  toby    toby_low_pwm_N_t442867     post  2921.00  4000.00  1073  1079.00   6.66   60  1799.0  1.0  1797.0  1804.00  1794.00  1806.28        7.00          3.0       3.55        0.58        4.0          2.0      1.42      1798                 N
28  toby  toby_difficult_disagree_  bounded  1357.00  1438.00    81    81.00   0.66   76  1799.0  1.0  1798.0  1802.00  1794.40  1805.80        4.00         -1.0       0.00        0.00        NaN          NaN       NaN      1799        N        S
29  toby  toby_difficult_disagree_     post  3727.00  4000.00   273   273.00   2.68   90  1800.0  1.0  1798.0  1803.00  1795.00  1805.56        5.00          2.0      10.64        1.09        0.0          0.0       NaN      1799                 S
