    loco                       seg     kind       t0       t1     n      dur  len_W  pwm  median  MAD      p5     p95       p1      p99  spread5_95  dmed_thirds  slope_cps  slope_perW  blk_range  blk_maxstep  blk_curv  rec_base next_pol prev_pol
0   otto  otto_low_pwm_N_seq33704+      pre     0.00  1184.00  1185  1184.00   4.14   40  1931.0  2.0  1927.0  1940.0  1926.00  1942.00        13.0         -3.0      -3.40       -0.97        3.0          1.0      0.38      1932        N         
1   otto  otto_low_pwm_N_seq33704+  bounded  2472.00  4020.00  1549  1548.00   6.85   58  1934.0  3.0  1930.0  1942.0  1927.00  1943.00        12.0          1.0       2.19        0.50        5.0          3.0      1.63      1932        S        N
2   otto  otto_low_pwm_N_seq33704+  bounded  4768.00  5876.00  1109  1108.00   7.41   71  1935.0  2.0  1931.0  1943.0  1930.00  1944.00        12.0          0.0       0.00        0.00        2.5          1.5      0.95      1932        S        S
3   otto   otto_mid_pwm_N_seq41887      pre     0.00   467.71   469   467.71   4.80   90  1934.0  2.0  1931.0  1942.0  1929.00  1943.00        11.0          2.0       3.14        0.31        1.0          1.0      0.70      1932        S         
4   otto   otto_mid_pwm_N_seq41887  bounded   905.71  1698.71   794   793.00   7.99   90  1934.0  3.0  1929.0  1942.0  1927.00  1944.07        13.0         -3.0      -6.37       -0.63        4.0          2.0      1.00      1932        N        S
5   otto   otto_mid_pwm_N_seq41887  bounded  2154.27  2966.71   814   812.44   8.08   90  1933.0  2.0  1929.0  1942.0  1927.00  1943.00        13.0          4.0       6.82        0.69        6.0          2.0      1.23      1932        S        N
6   otto   otto_mid_pwm_N_seq41887     post  3415.72  3999.71   585   584.00   5.84   90  1934.0  1.0  1931.0  1942.0  1929.00  1943.00        11.0         -2.0      -2.63       -0.26        2.0          1.0      0.70      1932                 S
7   otto  otto_low_pwm_S_seq111892      pre     0.00  1487.00  1488  1487.00   8.35   64  1935.0  1.0  1932.0  1943.0  1930.00  1946.00        11.0          0.0       0.00        0.00        2.0          1.0      1.34      1935        S         
8   otto  otto_low_pwm_S_seq111892  bounded  2289.00  3673.00  1385  1384.00   7.78   60  1934.0  2.0  1931.0  1942.0  1929.00  1944.00        11.0         -2.0      -2.36       -0.42        3.0          1.0      0.88      1935        N        S
9   otto  otto_high_pwm_N_seq11794      pre     0.00  1630.00  1631  1630.00  12.54   75  1934.0  1.0  1931.0  1936.0  1930.00  1936.00         5.0          2.0       1.85        0.24        5.0          2.0      1.24      1935        S         
10  otto  otto_high_pwm_N_seq11794  bounded  2216.00  3207.00   992   991.00   8.69  105  1934.0  1.0  1930.0  1936.0  1929.00  1936.00         6.0         -3.0      -3.84       -0.44        4.0          1.0      0.73      1935        N        S
11  otto  otto_high_pwm_N_seq11794  bounded  3649.63  4406.00   758   756.37   7.76  110  1933.0  2.0  1927.0  1941.0  1925.00  1943.00        14.0          0.0       0.00        0.00        3.5          2.5      1.93      1935        N        N
12  otto  otto_high_pwm_N_seq11794     post  4843.00  5491.28   649   648.28   6.68  110  1934.0  2.0  1929.0  1943.0  1925.48  1945.52        14.0          5.0      10.32        1.00        6.0          3.0      1.09      1935                 N
13  otto  otto_difficult_not_a_mag      pre     0.00   383.00   384   383.00   3.61   90  1903.0  2.0  1899.0  1911.0  1898.83  1911.00        12.0         -0.5       0.00        0.00        1.0          1.0      0.33      1935        S         
14  otto  otto_difficult_not_a_mag  bounded   859.00  1716.00   858   857.00   8.32   90  1901.0  2.0  1897.0  1910.0  1895.00  1911.00        13.0         -4.0      -6.56       -0.68        4.0          2.0      0.92      1935        N        S
15  otto  otto_difficult_not_a_mag  bounded  2165.00  3148.00   984   983.00   9.41   90  1901.0  2.0  1897.0  1909.0  1895.00  1910.00        12.0          0.0       0.00        0.00        4.0          3.0      2.20      1935        N        N
16  otto  otto_difficult_not_a_mag     post  3639.00  4000.00   362   361.00   3.31   90  1901.0  2.0  1898.0  1909.0  1895.00  1910.00        11.0          0.0       0.00        0.00        0.0          0.0      0.00      1935                 N
17  otto  otto_difficult_no_positi      pre     0.00  1077.00  1078  1077.00   3.92    0  1904.0  1.0  1901.0  1913.0  1899.00  1915.00        12.0          1.0       1.10        0.30        1.0          1.0      0.60      1935        S         
18  otto  otto_difficult_no_positi     post  2315.00  4000.00  1686  1685.00   6.13    0  1902.0  1.0  1899.0  1910.0  1898.00  1911.00        11.0          0.0       0.00        0.00        2.0          1.0      1.09      1935                 S
19  otto  otto_difficult_wrong_mag      pre     0.00   285.00   286   285.00   2.59   90  1903.0  1.0  1901.0  1904.0  1900.00  1905.00         3.0          2.0       5.56        0.61        1.0          1.0       NaN      1935        S         
20  otto  otto_difficult_wrong_mag  bounded   779.00  1690.00   912   911.00   8.06   90  1901.0  2.0  1897.0  1904.0  1895.00  1905.89         7.0         -4.0      -7.89       -0.89        6.0          2.0      0.93      1935        N        S
21  otto  otto_difficult_wrong_mag     post  2213.00  4000.00  1788  1787.00  15.41   56  1901.0  2.0  1896.0  1910.0  1893.00  1911.00        14.0          4.0       3.50        0.41        8.0          3.0      2.89      1935                 N
22  toby    toby_mid_pwm_S_t409264      pre     0.00  1713.00  1703  1713.00   9.06   55  1799.0  1.0  1796.0  1804.0  1792.00  1809.00         8.0          1.0       1.27        0.24        5.0          3.0      3.22      1798        S         
23  toby    toby_mid_pwm_S_t409264  bounded  2516.00  3580.00  1053  1064.00   5.63   70  1799.0  1.0  1797.0  1802.0  1792.00  1809.48         5.0         -1.0       0.00        0.00        2.0          1.0      1.07      1798        S        S
24  toby    toby_mid_pwm_N_t415952      pre     0.00   798.00   793   798.00   9.28   90  1800.0  1.0  1797.0  1804.0  1792.00  1805.08         7.0          0.0       0.00        0.00        3.0          2.0      1.43      1798        S         
25  toby    toby_mid_pwm_N_t415952  bounded  1164.00  1866.00   697   702.00   8.16   90  1798.0  1.0  1795.0  1801.2  1791.00  1807.00         6.2         -2.0      -6.15       -0.53        2.5          1.0      0.35      1798        N        S
26  toby    toby_mid_pwm_N_t415952  bounded  2232.00  2912.00   674   680.00   7.47   90  1797.0  1.0  1795.0  1800.0  1792.46  1805.27         5.0          0.0       0.00        0.00        2.0          1.0      0.91      1798        N        N
27  toby    toby_mid_pwm_N_t415952     post  3321.00  4000.00   674   679.00   7.07   90  1798.0  1.0  1795.0  1801.0  1794.00  1810.27         6.0          2.0       4.50        0.43        2.0          1.0      0.47      1798                 N
28  toby    toby_low_pwm_S_t437078      pre     0.00  1746.00  1733  1746.00  10.52   62  1798.0  1.0  1794.0  1803.0  1792.00  1806.00         9.0          4.0       3.68        0.61        8.0          2.0      1.25      1798        S         
29  toby    toby_low_pwm_S_t437078     post  2452.00  4000.00  1543  1548.00   9.33   60  1800.0  1.0  1798.0  1807.0  1795.00  1809.00         9.0          2.0       0.97        0.16        7.0          3.0      4.59      1798                 S
30  toby    toby_low_pwm_N_t442867  bounded   512.00  1746.00  1227  1234.00   8.01   60  1799.0  1.0  1794.0  1802.0  1792.00  1804.00         8.0         -3.0      -4.27       -0.66        6.0          2.0      1.31      1798        N        S
31  toby    toby_low_pwm_N_t442867     post  2435.00  4000.00  1554  1565.00   9.66   60  1799.0  1.0  1796.0  1803.0  1793.00  1806.00         7.0          3.0       3.23        0.52        6.0          1.0      1.22      1798                 N
32  toby  toby_difficult_disagree_      pre     0.00   364.00   365   364.00   2.66   68  1802.0  1.0  1798.0  1806.0  1795.00  1812.36         8.0          4.0      14.85        2.03        2.5          1.5      0.17      1799        S         
33  toby  toby_difficult_disagree_  bounded   946.00  1823.00   870   877.00   7.10   76  1799.0  1.0  1794.0  1803.0  1789.69  1806.31         9.0         -4.0      -7.78       -0.96        6.0          2.0      1.08      1799        N        S
34  toby  toby_difficult_disagree_  bounded  2291.00  2987.00   690   696.00   6.57   84  1799.0  1.0  1795.0  1805.0  1792.00  1813.00        10.0          3.0       9.01        0.95        5.0          2.0      0.62      1799        S        N
35  toby  toby_difficult_disagree_     post  3421.00  4000.00   576   579.00   5.68   90  1801.0  1.0  1798.0  1804.0  1790.75  1806.25         6.0          0.0       0.00        0.00        2.0          2.0      0.80      1799                 S
