    loco                       seg     kind       t0       t1     n      dur  len_W  pwm  median  MAD      p5     p95       p1      p99  spread5_95  dmed_thirds  slope_cps  slope_perW  blk_range  blk_maxstep  blk_curv  rec_base next_pol prev_pol
0   otto  otto_low_pwm_N_seq33704+      pre     0.00   755.00   756   755.00   2.64   39  1932.0  1.0  1929.0  1941.0  1927.00  1942.00        12.0         -2.0      -2.32       -0.66        2.0          1.0      0.39      1932        N         
1   otto  otto_low_pwm_N_seq33704+  bounded  3044.00  3771.00   728   727.00   3.22   59  1933.0  2.0  1931.0  1942.0  1929.00  1943.00        11.0          1.0       0.00        0.00        1.0          1.0      0.75      1932        S        N
2   otto  otto_low_pwm_N_seq33704+  bounded  5100.00  5676.00   577   576.00   3.85   72  1934.0  1.0  1931.0  1942.0  1929.76  1943.00        11.0          0.0       0.00        0.00        1.0          1.0      0.70      1932        S        S
3   otto   otto_mid_pwm_N_seq41887      pre     0.00   321.71   323   321.71   3.30   90  1934.0  3.0  1930.0  1942.0  1928.22  1943.00        12.0          1.0       0.00        0.00        1.0          1.0      0.33      1932        S         
4   otto   otto_mid_pwm_N_seq41887  bounded  1100.71  1547.71   448   447.00   4.50   90  1933.0  2.0  1930.0  1941.0  1927.47  1942.53        11.0         -2.0      -5.41       -0.54        2.0          2.0      1.00      1932        N        S
5   otto   otto_mid_pwm_N_seq41887  bounded  2355.71  2816.71   462   461.00   4.59   90  1934.0  3.0  1930.0  1941.0  1929.00  1942.39        11.0          0.0       0.00        0.00        1.0          1.0      0.60      1932        S        N
6   otto   otto_mid_pwm_N_seq41887     post  3615.82  3999.71   385   383.89   3.84   90  1933.0  1.0  1930.0  1942.0  1928.84  1943.00        12.0          0.0       0.00        0.00        1.0          1.0      0.67      1932                 S
7   otto  otto_low_pwm_S_seq111892      pre     0.00  1220.00  1221  1220.00   6.85   64  1935.0  2.0  1931.0  1943.0  1930.00  1946.00        12.0         -2.0      -1.59       -0.28        2.0          1.0      0.92      1935        S         
8   otto  otto_low_pwm_S_seq111892  bounded  2645.00  3406.00   762   761.00   4.28   60  1934.0  1.0  1931.0  1942.0  1930.00  1943.00        11.0         -2.0      -1.94       -0.35        1.0          1.0      0.43      1935        N        S
9   otto  otto_high_pwm_N_seq11794      pre     0.00  1436.00  1437  1436.00  11.05   74  1934.0  1.0  1931.0  1936.0  1930.00  1936.00         5.0          2.0       1.76        0.23        4.0          2.0      1.20      1935        S         
10  otto  otto_high_pwm_N_seq11794  bounded  2476.00  3060.00   585   584.00   5.12  106  1934.0  1.0  1931.0  1936.0  1930.00  1936.00         5.0         -1.0       0.00        0.00        0.0          0.0      0.00      1935        N        S
11  otto  otto_high_pwm_N_seq11794  bounded  3845.00  4261.00   417   416.00   4.27  110  1933.0  2.0  1930.0  1942.0  1929.00  1943.00        12.0          1.0       4.46        0.44        0.5          0.5      0.20      1935        N        N
12  otto  otto_high_pwm_N_seq11794     post  5037.00  5491.28   455   454.28   4.68  110  1935.0  2.0  1931.0  1943.0  1930.00  1946.00        12.0          2.0       6.54        0.63        3.0          1.5      0.35      1935                 N
13  otto  otto_difficult_not_a_mag      pre     0.00   224.00   225   224.00   2.11   90  1903.0  3.0  1899.0  1910.8  1899.00  1911.00        11.8          2.0       0.00        0.00        1.0          1.0       NaN      1935        S         
14  otto  otto_difficult_not_a_mag  bounded  1071.00  1566.00   496   495.00   4.81   90  1901.0  1.0  1898.0  1910.0  1896.95  1911.00        12.0         -1.0      -2.80       -0.29        1.0          1.0      0.40      1935        N        S
15  otto  otto_difficult_not_a_mag  bounded  2365.00  2984.00   620   619.00   5.92   90  1901.0  2.0  1898.0  1909.0  1897.00  1910.00        11.0         -1.0       0.00        0.00        1.0          1.0      0.70      1935        N        N
16  otto  otto_difficult_not_a_mag     post  3856.43  4000.00   145   143.57   1.32   90  1901.0  1.0  1899.0  1909.0  1897.44  1910.56        10.0          0.0       0.00        0.00        NaN          NaN       NaN      1935                 N
17  otto  otto_difficult_no_positi      pre     0.00   664.86   665   664.86   2.42    0  1903.0  1.0  1901.0  1911.0  1899.00  1913.00        10.0          1.0       0.00        0.00        1.0          1.0      0.59      1935        S         
18  otto  otto_difficult_no_positi     post  2865.00  4000.00  1136  1135.00   4.13    0  1902.0  1.0  1899.0  1910.0  1897.35  1911.00        11.0          0.0       0.00        0.00        0.0          0.0      0.00      1935                 S
19  otto  otto_difficult_wrong_mag      pre     0.00   120.00   121   120.00   1.09   90  1902.0  1.0  1901.0  1904.0  1899.20  1911.20         3.0          0.5       0.00        0.00        NaN          NaN       NaN      1935        S         
20  otto  otto_difficult_wrong_mag  bounded   999.00  1516.00   518   517.00   4.58   90  1901.0  2.0  1898.0  1903.0  1895.00  1904.00         5.0         -3.0      -7.04       -0.80        3.0          1.5      0.50      1935        N        S
21  otto  otto_difficult_wrong_mag     post  2445.46  4000.00  1556  1554.54  13.40   53  1902.0  2.0  1898.0  1910.0  1895.55  1911.00        12.0          3.0       2.84        0.33        4.0          1.0      0.53      1935                 N
22  toby    toby_mid_pwm_S_t409264      pre     0.00  1382.00  1373  1382.00   7.31   54  1799.0  1.0  1796.0  1801.0  1792.00  1808.00         5.0          0.0       0.00        0.00        1.0          1.0      0.73      1798        S         
23  toby    toby_mid_pwm_S_t409264  bounded  2800.00  3249.00   447   449.00   2.38   69  1799.0  1.0  1797.0  1802.0  1795.00  1806.08         5.0          0.0       0.00        0.00        0.0          0.0      0.00      1798        S        S
24  toby    toby_mid_pwm_N_t415952      pre     0.00   647.00   642   647.00   7.52   90  1799.0  1.0  1797.0  1803.0  1792.00  1805.00         6.0         -2.0      -3.14       -0.27        3.0          2.0      1.05      1798        S         
25  toby    toby_mid_pwm_N_t415952  bounded  1293.00  1715.00   418   422.00   4.91   90  1798.0  1.0  1796.0  1800.0  1793.17  1803.00         4.0         -1.0       0.00        0.00        1.0          1.0      0.30      1798        N        S
26  toby    toby_mid_pwm_N_t415952  bounded  2361.00  2744.00   379   383.00   4.21   90  1797.0  1.0  1796.0  1800.0  1790.78  1804.22         4.0          0.0       0.00        0.00        1.0          1.0      0.33      1798        N        N
27  toby    toby_mid_pwm_N_t415952     post  3465.00  4000.00   531   535.00   5.57   90  1799.0  1.0  1796.0  1802.0  1794.00  1811.70         6.0          1.0       3.13        0.30        1.0          1.0      0.40      1798                 N
28  toby    toby_low_pwm_S_t437078      pre     0.00  1455.00  1443  1455.00   8.77   62  1798.0  1.0  1793.0  1800.0  1791.00  1804.00         7.0          3.0       3.22        0.53        5.0          2.0      1.33      1798        S         
29  toby    toby_low_pwm_S_t437078     post  2701.00  4000.00  1295  1299.00   7.83   60  1800.0  1.0  1798.0  1808.0  1795.00  1809.06        10.0          4.0       3.86        0.64        6.0          3.0      2.97      1798                 S
30  toby    toby_low_pwm_N_t442867  bounded   731.00  1462.00   727   731.00   4.75   60  1799.0  1.0  1796.0  1801.0  1795.00  1804.74         5.0         -1.0      -2.90       -0.45        1.0          1.0      0.43      1798        N        S
31  toby    toby_low_pwm_N_t442867     post  2678.00  4000.00  1315  1322.00   8.16   60  1799.0  1.0  1796.7  1804.0  1794.00  1806.86         7.3          3.0       2.86        0.46        5.5          2.0      1.82      1798                 N
32  toby  toby_difficult_disagree_      pre     0.00   124.00   125   124.00   0.91   68  1800.0  1.0  1798.0  1804.0  1795.24  1809.00         6.0          1.0       0.00        0.00        NaN          NaN       NaN      1799        S         
33  toby  toby_difficult_disagree_  bounded  1152.00  1630.00   473   478.00   3.87   76  1799.0  1.0  1797.0  1801.0  1793.44  1804.28         4.0         -1.0      -2.39       -0.29        1.0          1.0      0.40      1799        N        S
34  toby  toby_difficult_disagree_  bounded  2456.00  2808.00   349   352.00   3.32   84  1799.0  1.0  1797.0  1802.0  1792.00  1809.52         5.0          1.0       0.00        0.00        0.5          0.5      0.17      1799        S        N
35  toby  toby_difficult_disagree_     post  3574.00  4000.00   425   426.00   4.18   90  1800.0  1.0  1798.0  1803.0  1791.48  1804.76         5.0          1.0       3.04        0.31        1.0          1.0      0.40      1799                 S
