
PY          passxception:-fixed:+4}"}  "
FILE: /home/david/NGR/telemetry/runs/9950011_20260914_143544.log
TIME      MM   PWM   FIXED  SHADOW  DIFF
14:35:44   40    0   1949    1936   -13
14:35:45   40    0   1949    1936   -13
14:35:46   40    0   1949    1936   -13
14:35:47   40    0   1949    1936   -13
14:35:48   40    0   1949    1936   -13
14:35:49   40    0   1949    1936   -13
14:35:50   40    0   1949    1936   -13
14:35:51   40    0   1949    1936   -13
14:35:52   40    0   1949    1936   -13
14:35:53   40    0   1949    1936   -13
14:35:54   40    0   1949    1936   -13
14:35:55   40    0   1949    1936   -13
14:35:56   40    0   1949    1936   -13
14:35:57   40    0   1949    1936   -13
14:35:58   40    0   1949    1936   -13
14:35:59   40    0   1949    1936   -13
14:36:00   40    0   1949    1936   -13
14:36:01   40    0   1949    1936   -13
14:36:02   40    0   1949    1936   -13
14:36:03   40    0   1949    1936   -13
14:36:04   40    0   1949    1936   -13
14:36:05   40    0   1949    1936   -13
14:36:06   40    0   1949    1936   -13
14:36:07   40    0   1949    1936   -13
14:36:08   40    0   1949    1936   -13
14:36:09   40    0   1949    1936   -13
14:36:10   40    0   1949    1936   -13
14:36:11   40    0   1949    1936   -13
14:36:12   40    0   1949    1936   -13
14:36:13   40    0   1949    1936   -13
14:36:14   40    0   1949    1936   -13
14:36:15   40    0   1949    1936   -13
14:36:16   40    0   1949    1936   -13
14:36:17   40    0   1949    1936   -13
14:36:18   40    0   1949    1936   -13
14:36:19   40    0   1949    1936   -13
14:36:20   40    0   1949    1936   -13
14:36:21   40    0   1949    1936   -13
14:36:22   40    0   1949    1936   -13
14:36:23   40    0   1949    1936   -13
14:36:24   40    0   1949    1936   -13
14:36:25   40    0   1949    1936   -13
14:36:26   40    0   1949    1936   -13
14:36:27   40    0   1949    1936   -13
14:36:28   40    0   1949    1936   -13
14:36:29   40    0   1949    1936   -13
14:36:30   40    0   1949    1936   -13
14:36:31   40    0   1949    1936   -13
14:36:32   40    0   1949    1936   -13
14:36:33   40    0   1949    1936   -13
14:36:34   40    0   1949    1936   -13
14:36:35   40    0   1949    1936   -13
14:36:36   40    0   1949    1936   -13
14:36:37   40    0   1949    1936   -13
14:36:38   40    0   1949    1936   -13
14:36:39   40    0   1949    1936   -13
14:36:40   40    0   1949    1936   -13
14:36:41   40    0   1949    1936   -13
14:36:42   40    0   1949    1936   -13
14:36:43   40    0   1949    1936   -13
14:36:44   40    0   1949    1936   -13
14:36:45   40    0   1949    1936   -13
14:36:46   40    0   1949    1936   -13
14:36:47   40    0   1949    1936   -13
14:36:48   40    0   1949    1936   -13
14:36:49   40    0   1949    1936   -13
14:36:50   40    0   1949    1936   -13
14:36:51   40    0   1949    1936   -13
14:36:52   40    0   1949    1936   -13
14:36:53   40    0   1949    1936   -13
14:36:54   40    0   1949    1936   -13
14:36:55   40    0   1949    1936   -13
14:36:56   40    0   1949    1936   -13
14:36:57   40    0   1949    1936   -13
14:36:58   40    0   1949    1936   -13
14:36:59   40    0   1949    1936   -13
14:37:00   40    0   1949    1936   -13
14:37:01   40    0   1949    1936   -13
14:37:02   40    0   1949    1936   -13
14:37:03   40    0   1949    1936   -13
14:37:04   40    0   1949    1936   -13
14:37:05   40    0   1949    1936   -13
14:37:06   40    0   1949    1936   -13
14:37:07   40    0   1949    1936   -13
14:37:08   40    0   1949    1936   -13
14:37:09   40    0   1949    1936   -13
14:37:10   40    0   1949    1936   -13
14:37:11   40    0   1949    1936   -13
14:37:12   40    0   1949    1936   -13
14:37:13   40    0   1949    1936   -13
14:37:14   40    0   1949    1936   -13
14:37:15   40    0   1949    1936   -13
14:37:16   40    0   1949    1936   -13
14:37:17   40    0   1949    1936   -13
14:37:18   40    0   1949    1936   -13
14:37:19   40    0   1949    1936   -13
14:37:20   40    0   1949    1936   -13
14:37:21   40    0   1949    1936   -13
14:37:22   40    0   1949    1936   -13
14:37:23   40    0   1949    1936   -13
14:37:24   40    0   1949    1936   -13
14:37:25   40    0   1949    1936   -13
14:37:26   40    0   1949    1936   -13
14:37:27   40    0   1949    1936   -13
14:37:28   40    0   1949    1936   -13
14:37:29   40    0   1949    1936   -13
14:37:30   40    0   1949    1936   -13
14:37:31   40    0   1949    1936   -13
14:37:32   40    0   1949    1936   -13
14:37:33   40    0   1949    1936   -13
14:37:34   40    0   1949    1936   -13
14:37:35   40    0   1949    1936   -13
14:37:36   40    0   1949    1936   -13
14:37:37   40    0   1949    1936   -13
14:37:38   40    0   1949    1936   -13
14:37:39   40    0   1949    1936   -13
14:37:40   40    0   1949    1936   -13
14:37:41   40    0   1949    1936   -13
14:37:42   40    0   1949    1936   -13
14:37:43   40    0   1949    1936   -13
14:37:44   40    0   1949    1936   -13
14:37:45   40    0   1949    1936   -13
14:37:46   40    0   1949    1936   -13
14:37:47   40    0   1949    1936   -13
14:37:48   40    0   1949    1936   -13
14:37:49   40    0   1949    1936   -13
14:37:50   40    0   1949    1936   -13
14:37:51   40    0   1949    1936   -13
14:37:52   40    0   1949    1936   -13
14:37:53   40    0   1949    1936   -13
14:37:54   40    0   1949    1936   -13
14:37:55   40    0   1949    1936   -13
14:37:56   40    0   1949    1936   -13
14:37:57   40    0   1949    1936   -13
14:37:58   40    0   1949    1936   -13
14:37:59   40    0   1949    1936   -13
14:38:00   40    0   1949    1936   -13
14:38:01   40    0   1949    1936   -13
14:38:02   40    0   1949    1936   -13
14:38:03   40    0   1949    1936   -13
14:38:04   40    0   1949    1936   -13
14:38:05   40    0   1949    1936   -13
14:38:06   40    0   1949    1936   -13
14:38:07   40    0   1949    1936   -13
14:38:08   40    0   1949    1936   -13
14:38:09   40    0   1949    1936   -13
14:38:10   40    0   1949    1936   -13
14:38:11   40    0   1949    1936   -13
14:38:12   40    0   1949    1936   -13
14:38:13   40    0   1949    1936   -13
14:38:14   40    0   1949    1936   -13
14:38:15   40    0   1949    1936   -13
14:38:16   40    0   1949    1936   -13
14:38:17   40    0   1949    1936   -13
14:38:18   40    0   1949    1936   -13
14:38:19   40    0   1949    1936   -13
14:38:20   40    0   1949    1936   -13
14:38:21   40    0   1949    1936   -13
14:38:22   40    0   1949    1936   -13
14:38:23   40    0   1949    1936   -13
14:38:24   40    0   1949    1936   -13
14:38:25   40    0   1949    1936   -13
14:38:26   40    0   1949    1936   -13
14:38:27   40    0   1949    1936   -13
14:38:28   40    0   1949    1936   -13
14:38:29   40    0   1949    1936   -13
14:38:30   40    0   1949    1936   -13
14:38:31   40    0   1949    1936   -13
14:38:32   40    0   1949    1936   -13
14:38:33   40    0   1949    1936   -13
14:38:34   40    0   1949    1936   -13
14:38:35   40    0   1949    1936   -13
14:38:36   40    0   1949    1936   -13
14:38:37   40    0   1949    1936   -13
14:38:38   40    0   1949    1936   -13
14:38:39   40    0   1949    1936   -13
14:38:40   40    0   1949    1936   -13
14:38:41   40    0   1949    1936   -13
14:38:42   40    0   1949    1936   -13
14:38:43   40    0   1949    1936   -13
14:38:44   40    0   1949    1936   -13
14:38:45   40    0   1949    1936   -13
14:38:46   40    0   1949    1936   -13
14:38:47   40    0   1949    1936   -13
14:38:48   40    0   1949    1936   -13
14:38:49   40    0   1949    1936   -13
14:38:50   40    0   1949    1936   -13
14:38:51   40    0   1949    1936   -13
14:38:52   40    0   1949    1936   -13
14:38:53   40    0   1949    1936   -13
14:38:54   40    0   1949    1936   -13
14:38:55   40    0   1949    1936   -13
14:38:56   40    0   1949    1936   -13
14:38:57   40    0   1949    1936   -13
14:38:58   40    0   1949    1936   -13
14:38:59   40    0   1949    1936   -13
14:39:00   40    0   1949    1936   -13
14:39:01   40    0   1949    1936   -13
14:39:02   40    0   1949    1936   -13
14:39:03   40    0   1949    1936   -13
14:39:04   40    0   1949    1936   -13
14:39:05   40    0   1949    1936   -13
14:39:06   40    0   1949    1936   -13
14:39:07   40    0   1949    1936   -13
14:39:08   40    0   1949    1936   -13
14:39:09   40    0   1949    1936   -13
14:39:10   40    0   1949    1936   -13
14:39:11   40    0   1949    1936   -13
14:39:12   40    0   1949    1936   -13
14:39:13   40    0   1949    1936   -13
14:39:14   40    0   1949    1936   -13
14:39:15   40    0   1949    1936   -13
14:39:16   40    0   1949    1936   -13
14:39:17   40    0   1949    1936   -13
14:39:18   40    0   1949    1936   -13
14:39:19   40    0   1949    1936   -13
14:39:20   40    0   1949    1936   -13
14:39:21   40    0   1949    1936   -13
14:39:22   40    0   1949    1936   -13
14:39:23   40    0   1949    1936   -13
14:39:24   40    0   1949    1936   -13
14:39:25   40    0   1949    1936   -13
14:39:26   40    0   1949    1936   -13
14:39:27   40    0   1949    1936   -13
14:39:28   40    0   1949    1936   -13
14:39:29   40    0   1949    1936   -13
14:39:30   40    0   1949    1936   -13
14:39:31   40    0   1949    1936   -13
14:39:32   40    0   1949    1936   -13
14:39:33   40    0   1949    1936   -13
14:39:34   40    0   1949    1936   -13
14:39:35   40    0   1949    1936   -13
14:39:36   40    0   1949    1936   -13
14:39:37   40    0   1949    1936   -13
14:39:38   40    0   1949    1936   -13
14:39:39   40    0   1949    1936   -13
14:39:40   40    0   1949    1936   -13
14:39:41   40    0   1949    1936   -13
14:39:42   40    0   1949    1936   -13
14:39:43   40    0   1949    1936   -13
14:39:44   40    0   1949    1936   -13
14:39:45   40    0   1949    1936   -13
14:39:46   40    0   1949    1936   -13
14:39:47   40    0   1949    1936   -13
14:39:48   40    0   1949    1936   -13
14:39:49   40    0   1949    1936   -13
14:39:50   40    0   1949    1936   -13
14:39:51   40    0   1949    1936   -13
14:39:52   40    0   1949    1936   -13
14:39:53   40    0   1949    1936   -13
14:39:54   40    0   1949    1936   -13
14:39:55   40    0   1949    1936   -13
14:39:56   40    0   1949    1936   -13
14:39:57   40    0   1949    1936   -13
14:39:58   40    0   1949    1936   -13
14:39:59   40    0   1949    1936   -13
14:40:00   40    0   1949    1936   -13
14:40:01   40    0   1949    1936   -13
14:40:02   40    0   1949    1936   -13
14:40:03   40    0   1949    1936   -13
14:40:04   40    0   1949    1936   -13
14:40:05   40    0   1949    1936   -13
14:40:06   40    0   1949    1936   -13
14:40:07   40    0   1949    1936   -13
14:40:08   40    0   1949    1936   -13
14:40:09   40    0   1949    1936   -13
14:40:10   40    0   1949    1936   -13
14:40:11   40    0   1949    1936   -13
14:40:12   40    0   1949    1936   -13
14:40:13   40    0   1949    1936   -13
14:40:14   40    0   1949    1936   -13
14:40:15   40    0   1949    1936   -13
14:40:16   40    0   1949    1936   -13
14:40:17   40    0   1949    1936   -13
14:40:18   40    0   1949    1936   -13
14:40:19   40    0   1949    1936   -13
14:40:20   40    0   1949    1936   -13
14:40:21   40    0   1949    1936   -13
14:40:22   40    0   1949    1936   -13
14:40:23   40    0   1949    1936   -13
14:40:24   40    0   1949    1936   -13
14:40:25   40    0   1949    1936   -13
14:40:26   40    0   1949    1936   -13
14:40:27   40    0   1949    1936   -13
14:40:28   40    0   1949    1936   -13
14:40:29   40    0   1949    1936   -13
14:40:30   40    0   1949    1936   -13
14:40:31   40    0   1949    1936   -13
14:40:32   40    0   1949    1936   -13
14:40:33   40    0   1949    1936   -13
14:40:34   40    0   1949    1936   -13
14:40:35   40    0   1949    1936   -13
14:40:36   40    0   1949    1936   -13
14:40:37   40    0   1949    1936   -13
14:40:38   40    0   1949    1936   -13
14:40:39   40    0   1949    1936   -13
14:40:40   40    0   1949    1936   -13
14:40:41   40    0   1949    1936   -13
14:40:42   40    0   1949    1936   -13
14:40:43   40    0   1949    1936   -13
14:40:44   40    0   1949    1936   -13
14:40:45   40    0   1949    1936   -13
14:40:46   40    0   1949    1936   -13
14:40:47   40    0   1949    1936   -13
14:40:48   40    0   1949    1936   -13
14:40:49   40    0   1949    1936   -13
14:40:50   40    0   1949    1936   -13
14:40:51   40    0   1949    1936   -13
14:40:52   40    0   1949    1936   -13
14:40:53   40    0   1949    1936   -13
14:40:54   40    0   1949    1936   -13
14:40:55   40    0   1949    1936   -13
14:40:56   40    0   1949    1936   -13
14:40:57   40    0   1949    1936   -13
14:40:58   40    0   1949    1936   -13
14:40:59   40    0   1949    1936   -13
14:41:00   40    0   1949    1936   -13
14:41:01   40    0   1949    1936   -13
14:41:02   40    0   1949    1936   -13
14:41:03   40    0   1949    1936   -13
14:41:04   40    0   1949    1936   -13
14:41:05   40    0   1949    1936   -13
14:41:06   40    0   1949    1936   -13
14:41:07   40    0   1949    1936   -13
14:41:08   40    0   1949    1936   -13
14:41:09   40    0   1949    1936   -13
14:41:10   40    0   1949    1936   -13
14:41:11   40    0   1949    1936   -13
14:41:12   40    0   1949    1936   -13
14:41:13   40    0   1949    1936   -13
14:41:14   40    0   1949    1936   -13
14:41:15   40    0   1949    1936   -13
14:41:16   40    0   1949    1936   -13
14:41:17   40    0   1949    1936   -13
14:41:18   40    0   1949    1936   -13
14:41:19   40    0   1949    1936   -13
14:41:20   40    0   1949    1936   -13
14:41:21   40    0   1949    1936   -13
14:41:22   40    0   1949    1936   -13
14:41:23   40    0   1949    1936   -13
14:41:24   40    0   1949    1936   -13
14:41:25   40    0   1949    1936   -13
14:41:26   40    0   1949    1936   -13
14:41:27   40    0   1949    1936   -13
14:41:28   40    0   1949    1936   -13
14:41:29   40    0   1949    1936   -13
14:41:30   40    0   1949    1936   -13
14:41:31   40    0   1949    1936   -13
14:41:32   40    0   1949    1936   -13
14:41:33   40    0   1949    1936   -13
14:41:34   40    0   1949    1936   -13
14:41:35   40    0   1949    1936   -13
14:41:36   40    0   1949    1936   -13
14:41:37   40    0   1949    1936   -13
14:41:38   40    0   1949    1936   -13
14:41:39   40    0   1949    1936   -13
14:41:40   40    0   1949    1936   -13
14:41:41   40    0   1949    1936   -13
14:41:42   40    0   1949    1936   -13
14:41:43   40    0   1949    1936   -13
14:41:44   40    0   1949    1936   -13
14:41:45   40    0   1949    1936   -13
14:41:46   40    0   1949    1936   -13
14:41:47   40    0   1949    1936   -13
14:41:48   40    0   1949    1936   -13
14:41:49   40    0   1949    1936   -13
14:41:50   40    0   1949    1936   -13
14:41:51   40    0   1949    1936   -13
14:41:52   40    0   1949    1936   -13
14:41:53   40    0   1949    1936   -13
14:41:54   40    0   1949    1936   -13
14:41:55   40    0   1949    1936   -13
14:41:56   40    0   1949    1936   -13
14:41:57   40    0   1949    1936   -13
14:41:58   40    0   1949    1936   -13
14:41:59   40    0   1949    1936   -13
14:42:00   40    0   1949    1936   -13
14:42:01   40    0   1949    1936   -13
14:42:02   40    0   1949    1936   -13
14:42:03   40    0   1949    1936   -13
14:42:04   40    0   1949    1936   -13
14:42:05   40    0   1949    1936   -13
14:42:06   40    0   1949    1936   -13
14:42:07   40    0   1949    1936   -13
14:42:08   40    0   1949    1936   -13
14:42:09   40    0   1949    1936   -13
14:42:10   40    0   1949    1936   -13
14:42:11   40    0   1949    1936   -13
14:42:12   40    0   1949    1936   -13
14:42:13   40    0   1949    1936   -13
14:42:14   40    0   1949    1936   -13
14:42:15   40    0   1949    1936   -13
14:42:16   40    0   1949    1936   -13
14:42:17   40    0   1949    1936   -13
14:42:18   40    0   1949    1936   -13
14:42:19   40    0   1949    1936   -13
14:42:20   40    0   1949    1936   -13
14:42:21   40    0   1949    1936   -13
14:42:22   40    0   1949    1936   -13
14:42:23   40    0   1949    1936   -13
14:42:24   40    0   1949    1936   -13
14:42:25   40    0   1949    1936   -13
14:42:26   40    0   1949    1936   -13
14:42:27   40    0   1949    1936   -13
14:42:28   40    0   1949    1936   -13
14:42:29   40    0   1949    1936   -13
14:42:30   40    0   1949    1936   -13
14:42:31   40    0   1949    1936   -13
14:42:32   40    0   1949    1936   -13
14:42:33   40    0   1949    1936   -13
14:42:34   40    0   1949    1936   -13
14:42:35   40    0   1949    1936   -13
14:42:36   40    0   1949    1936   -13
14:42:37   40    0   1949    1936   -13
14:42:38   40    0   1949    1936   -13
14:42:39   40    0   1949    1936   -13
14:42:40   40    0   1949    1936   -13
14:42:41   40    0   1949    1936   -13
14:42:42   40    0   1949    1936   -13
14:42:43   40    0   1949    1936   -13
14:42:44   40    0   1949    1936   -13
14:42:45   40    0   1949    1936   -13
14:42:46   40    0   1949    1936   -13
14:42:47   40    0   1949    1936   -13
14:42:48   40    0   1949    1936   -13
14:42:49   40    0   1949    1936   -13
14:42:50   40    0   1949    1936   -13
14:42:51   40    0   1949    1936   -13
14:42:52   40    0   1949    1936   -13
14:42:53   40    0   1949    1936   -13
14:42:54   40    0   1949    1936   -13
14:42:55   40    0   1949    1936   -13
14:42:56   40    0   1949    1936   -13
14:42:57   40    0   1949    1936   -13
14:42:58   40    0   1949    1936   -13
14:42:59   40    0   1949    1936   -13
14:43:00   40    0   1949    1936   -13
14:43:01   40    0   1949    1936   -13
14:43:02   40    0   1949    1936   -13
14:43:03   40    0   1949    1936   -13
14:43:04   40    0   1949    1936   -13
14:43:05   40    0   1949    1936   -13
14:43:06   40    0   1949    1936   -13
14:43:07   40    0   1949    1936   -13
14:43:08   40    0   1949    1936   -13
14:43:09   40    0   1949    1936   -13
14:43:10   40    0   1949    1936   -13
14:43:11   40    0   1949    1936   -13
14:43:12   40    0   1949    1936   -13
14:43:13   40    0   1949    1936   -13
14:43:14   40    0   1949    1936   -13
14:43:15   40    0   1949    1936   -13
14:43:16   40    0   1949    1936   -13
14:43:17   40    0   1949    1936   -13
14:43:18   40    0   1949    1936   -13
14:43:19   40    0   1949    1936   -13
14:43:20   40    0   1949    1936   -13
14:43:21   40    0   1949    1936   -13
14:43:22   40    0   1949    1936   -13
14:43:23   40    0   1949    1936   -13
14:43:24   40    0   1949    1936   -13
14:43:25   40    0   1949    1936   -13
14:43:26   40    0   1949    1936   -13
14:43:27   40    0   1949    1936   -13
14:43:28   40    0   1949    1936   -13
14:43:29   40    0   1949    1936   -13
14:43:30   40    0   1949    1936   -13
14:43:31   40    0   1949    1936   -13
14:43:32   40    0   1949    1936   -13
14:43:33   40    0   1949    1936   -13
14:43:34   40    0   1949    1936   -13
14:43:35   40    0   1949    1936   -13
14:43:36   40    0   1949    1936   -13
14:43:37   40    0   1949    1936   -13
14:43:38   40    0   1949    1936   -13
14:43:39   40    0   1949    1936   -13
14:43:40   40    0   1949    1936   -13
14:43:41   40    0   1949    1936   -13
14:43:42   40    0   1949    1936   -13
14:43:43   40    0   1949    1936   -13
14:43:44   40    0   1949    1936   -13
14:43:45   40    0   1949    1936   -13
14:43:46   40    0   1949    1936   -13
14:43:47   40    0   1949    1936   -13
14:43:48   40    0   1949    1936   -13
14:43:49   40    0   1949    1936   -13
14:43:50   40    0   1949    1936   -13
14:43:51   40    0   1949    1936   -13
14:43:52   40    0   1949    1936   -13
14:43:53   40    0   1949    1936   -13
14:43:54   40    0   1949    1936   -13
14:43:55   40    0   1949    1936   -13
14:43:56   40    0   1949    1936   -13
14:43:57   40    0   1949    1936   -13
14:43:58   40    0   1949    1936   -13
14:43:59   40    0   1949    1936   -13
14:44:00   40    0   1949    1936   -13
14:44:01   40    0   1949    1936   -13
14:44:02   40    0   1949    1936   -13
14:44:03   40    0   1949    1936   -13
14:44:04   40    0   1949    1936   -13
14:44:05   40    0   1949    1936   -13
14:44:06   40    0   1949    1936   -13
14:44:07   40    0   1949    1936   -13
14:44:08   40    0   1949    1936   -13
14:44:09   40    0   1949    1936   -13
14:44:10   40    0   1949    1936   -13
14:44:11   40    0   1949    1936   -13
14:44:12   40    0   1949    1936   -13
14:44:13   40    0   1949    1936   -13
14:44:14   40    0   1949    1936   -13
14:44:15   40    0   1949    1936   -13
14:44:16   40    0   1949    1936   -13
14:44:17   40    0   1949    1936   -13
14:44:18   40    0   1949    1936   -13
14:44:19   40    0   1949    1936   -13
14:44:20   40    0   1949    1936   -13
14:44:21   40    0   1949    1936   -13
14:44:22   40    0   1949    1936   -13
14:44:23   40    0   1949    1936   -13
14:44:24   40    0   1949    1936   -13
14:44:25   40    0   1949    1936   -13
14:44:26   40    0   1949    1936   -13
14:44:27   40    0   1949    1936   -13
14:44:28   40    0   1949    1936   -13
14:44:29   40    0   1949    1936   -13
14:44:30   40    0   1949    1936   -13
14:44:31   40    0   1949    1936   -13
14:44:32   40    0   1949    1936   -13
14:44:33   40    0   1949    1936   -13
14:44:34   40    0   1949    1936   -13
14:44:35   40    0   1949    1936   -13
14:44:36   40    0   1949    1936   -13
14:44:37   40    0   1949    1936   -13
14:44:38   40    0   1949    1936   -13
14:44:39   40    0   1949    1936   -13
14:44:40   40    0   1949    1936   -13
14:44:41   40    0   1949    1936   -13
14:44:42   40    0   1949    1936   -13
14:44:43   40    0   1949    1936   -13
14:44:44   40    0   1949    1936   -13
14:44:45   40    0   1949    1936   -13
14:44:46   40    0   1949    1936   -13
14:44:47   40    0   1949    1936   -13
14:44:48   40    0   1949    1936   -13
14:44:49   40    0   1949    1936   -13
14:44:50   40    0   1949    1936   -13
14:44:51   40    0   1949    1936   -13
14:44:52   40    0   1949    1936   -13
14:44:53   40    0   1949    1936   -13
14:44:54   40    0   1949    1936   -13
14:44:55   40    0   1949    1936   -13
14:44:56   40    0   1949    1936   -13
14:44:57   40    0   1949    1936   -13
14:44:58   40    0   1949    1936   -13
14:44:59   40    0   1949    1936   -13
14:45:00   40    0   1949    1936   -13
14:45:01   40    0   1949    1936   -13
14:45:02   40    0   1949    1936   -13
14:45:03   40    0   1949    1936   -13
14:45:04   40    0   1949    1936   -13
14:45:05   40    0   1949    1936   -13
14:45:06   40    0   1949    1936   -13
14:45:07   40    0   1949    1936   -13
14:45:08   40    0   1949    1936   -13
14:45:09   40    0   1949    1936   -13
14:45:10   40    0   1949    1936   -13
14:45:11   40    0   1949    1936   -13
14:45:12   40    0   1949    1936   -13
14:45:13   40    0   1949    1936   -13
14:45:14   40    0   1949    1936   -13
14:45:15   40    0   1949    1936   -13
14:45:16   40    0   1949    1936   -13
14:45:17   40    0   1949    1936   -13
14:45:18   40    0   1949    1936   -13
14:45:19   40    0   1949    1936   -13
14:45:20   40    0   1949    1936   -13
14:45:21   40    0   1949    1936   -13
14:45:22   40    0   1949    1936   -13
14:45:23   40    0   1949    1936   -13
14:45:24   40    0   1949    1936   -13
14:45:25   40    0   1949    1936   -13
14:45:26   40    0   1949    1936   -13
14:45:27   40    0   1949    1936   -13
14:45:28   40    0   1949    1936   -13
14:45:29   40    0   1949    1936   -13
14:45:30   40    0   1949    1936   -13
14:45:31   40    0   1949    1936   -13
14:45:32   40    0   1949    1936   -13
14:45:33   40    0   1949    1936   -13
14:45:34   40    0   1949    1936   -13
14:45:35   40    0   1949    1936   -13
14:45:36   40    0   1949    1936   -13
14:45:37   40    0   1949    1936   -13
14:45:38   40    0   1949    1936   -13
14:45:39   40    0   1949    1936   -13
14:45:40   40    0   1949    1936   -13
14:45:41   40    0   1949    1936   -13
14:45:42   40    0   1949    1936   -13
14:45:43   40    0   1949    1936   -13
14:45:44   40    0   1949    1936   -13
14:45:45   40    0   1949    1936   -13
14:45:46   40    0   1949    1936   -13
14:45:47   40    0   1949    1936   -13
14:45:48   40    0   1949    1936   -13
14:45:49   40    0   1949    1936   -13
14:45:50   40    0   1949    1936   -13
14:45:51   40    0   1949    1936   -13
14:45:52   40    0   1949    1936   -13
14:45:53   40    0   1949    1936   -13
14:45:54   40    0   1949    1936   -13
14:45:55   40    0   1949    1936   -13
14:45:56   40    0   1949    1936   -13
14:45:57   40    0   1949    1936   -13
14:45:58   40    0   1949    1936   -13
14:45:59   40    0   1949    1936   -13
14:46:00   40    0   1949    1936   -13
14:46:01   40    0   1949    1936   -13
14:46:02   40    0   1949    1936   -13
14:46:03   40    0   1949    1936   -13
14:46:04   40    0   1949    1936   -13
14:46:05   40    0   1949    1936   -13
14:46:06   40    0   1949    1936   -13
14:46:07   40    0   1949    1936   -13
14:46:08   40    0   1949    1936   -13
14:46:09   40    0   1949    1936   -13
14:46:10   40    0   1949    1936   -13
14:46:11   40    0   1949    1936   -13
14:46:12   40    0   1949    1936   -13
14:46:13   40    0   1949    1936   -13
14:46:14   40    0   1949    1936   -13
14:46:15   40    0   1949    1936   -13
14:46:16   40    0   1949    1936   -13
14:46:17   40    0   1949    1936   -13
14:46:18   40    0   1949    1936   -13
14:46:19   40    0   1949    1936   -13
14:46:20   40    0   1949    1936   -13
14:46:21   40    0   1949    1936   -13
14:46:22   40    0   1949    1936   -13
14:46:23   40    0   1949    1936   -13
14:46:24   40    0   1949    1936   -13
14:46:25   40    0   1949    1936   -13
14:46:26   40    0   1949    1936   -13
14:46:27   40    0   1949    1936   -13
14:46:28   40    0   1949    1936   -13
14:46:29   40    0   1949    1936   -13
14:46:30   40    0   1949    1936   -13
14:46:31   40    0   1949    1936   -13
14:46:32   40    0   1949    1936   -13
14:46:33   40    0   1949    1936   -13
14:46:34   40    0   1949    1936   -13
14:46:35   40    0   1949    1936   -13
14:46:36   40    0   1949    1936   -13
14:46:37   40    0   1949    1936   -13
14:46:38   40    0   1949    1936   -13
14:46:39   40    0   1949    1936   -13
14:46:40   40    0   1949    1936   -13
14:46:41   40    0   1949    1936   -13
14:46:42   40    0   1949    1936   -13
14:46:43   40    0   1949    1936   -13
14:46:44   40    0   1949    1936   -13
14:46:45   40    0   1949    1936   -13
14:46:46   40    0   1949    1936   -13
14:46:47   40    0   1949    1936   -13
14:46:48   40    0   1949    1936   -13
14:46:49   40    0   1949    1936   -13
14:46:50   40    0   1949    1936   -13
14:46:51   40    0   1949    1936   -13
14:46:52   40    0   1949    1936   -13
14:46:53   40    0   1949    1936   -13
14:46:54   40    0   1949    1936   -13
14:46:55   40    0   1949    1936   -13
14:46:56   40    0   1949    1936   -13
14:46:57   40    0   1949    1936   -13
14:46:58   40    0   1949    1936   -13
14:46:59   40    0   1949    1936   -13
14:47:00   40    0   1949    1936   -13
14:47:01   40    0   1949    1936   -13
14:47:02   40    0   1949    1936   -13
14:47:03   40    0   1949    1936   -13
14:47:04   40    0   1949    1936   -13
14:47:05   40    0   1949    1936   -13
14:47:06   40    0   1949    1936   -13
14:47:07   40    0   1949    1936   -13
14:47:08   40    0   1949    1936   -13
14:47:09   40    0   1949    1936   -13
14:47:10   40    0   1949    1936   -13
14:47:11   40    0   1949    1936   -13
14:47:12   40    0   1949    1936   -13
14:47:13   40    0   1949    1936   -13
14:47:14   40    0   1949    1936   -13
14:47:15   40    0   1949    1936   -13
14:47:16   40    0   1949    1936   -13
14:47:17   40    0   1949    1936   -13
14:47:18   40    0   1949    1936   -13
14:47:19   40    0   1949    1936   -13
14:47:20   40    0   1949    1936   -13
14:47:21   40    0   1949    1936   -13
14:47:22   40    0   1949    1936   -13
14:47:23   40    0   1949    1936   -13
14:47:24   40    0   1949    1936   -13
14:47:25   40    0   1949    1936   -13
14:47:26   40    0   1949    1936   -13
14:47:27   40    0   1949    1936   -13
14:47:28   40    0   1949    1936   -13
14:47:29   40    0   1949    1936   -13
14:47:30   40    0   1949    1936   -13
14:47:31   40    0   1949    1936   -13
14:47:32   40    0   1949    1936   -13
14:47:33   40    0   1949    1936   -13
14:47:34   40    0   1949    1936   -13
14:47:35   40    0   1949    1936   -13
14:47:36   40    0   1949    1936   -13
14:47:37   40    0   1949    1936   -13
14:47:38   40    0   1949    1936   -13
14:47:39   40    0   1949    1936   -13
14:47:40   40    0   1949    1936   -13
14:47:41   40    0   1949    1936   -13
14:47:42   40    0   1949    1936   -13
14:47:43   40    0   1949    1936   -13
14:47:44   40    0   1949    1936   -13
14:47:45   40    0   1949    1936   -13
14:47:46   40    0   1949    1936   -13
14:47:47   40    0   1949    1936   -13
14:47:48   40    0   1949    1936   -13
14:47:49   40    0   1949    1936   -13
14:47:50   40    0   1949    1936   -13
14:47:51   40    0   1949    1936   -13
14:47:52   40    0   1949    1936   -13
14:47:53   40    0   1949    1936   -13
14:47:54   40    0   1949    1936   -13
14:47:55   40    0   1949    1936   -13
14:47:56   40    0   1949    1936   -13
14:47:57   40    0   1949    1936   -13
14:47:58   40    0   1949    1936   -13
14:47:59   40    0   1949    1936   -13
14:48:00   40    0   1949    1936   -13
14:48:01   40    0   1949    1936   -13
14:48:02   40    0   1949    1936   -13
14:48:03   40    0   1949    1936   -13
14:48:04   40    0   1949    1936   -13
14:48:05   40    0   1949    1936   -13
14:48:06   40    0   1949    1936   -13
14:48:07   40    0   1949    1936   -13
14:48:08   40    0   1949    1936   -13
14:48:09   40    0   1949    1936   -13
14:48:10   40    0   1949    1936   -13
14:48:11   40    0   1949    1936   -13
14:48:12   40    0   1949    1936   -13
14:48:13   40    0   1949    1936   -13
14:48:14   40    0   1949    1936   -13
14:48:15   40    0   1949    1936   -13
14:48:16   40    0   1949    1936   -13
14:48:17   40    0   1949    1936   -13
14:48:18   40    0   1949    1936   -13
14:48:19   40    0   1949    1936   -13
14:48:20   40    0   1949    1936   -13
14:48:21   40    0   1949    1936   -13
14:48:22   40    0   1949    1936   -13
14:48:23   40    0   1949    1936   -13
14:48:24   40    0   1949    1936   -13
14:48:25   40    0   1949    1936   -13
14:48:26   40    0   1949    1936   -13
14:48:27   40    0   1949    1936   -13
14:48:28   40    0   1949    1936   -13
14:48:29   40    0   1949    1936   -13
14:48:30   40    0   1949    1936   -13
14:48:31   40    0   1949    1936   -13
14:48:32   40    0   1949    1936   -13
14:48:33   40    0   1949    1936   -13
14:48:34   40    0   1949    1936   -13
14:48:35   40    0   1949    1936   -13
14:48:36   40    0   1949    1936   -13
14:48:37   40    0   1949    1936   -13
14:48:38   40    0   1949    1936   -13
14:48:39   40    0   1949    1936   -13
14:48:40   40    0   1949    1936   -13
14:48:41   40    0   1949    1936   -13
14:48:42   40    0   1949    1936   -13
14:48:43   40    0   1949    1936   -13
14:48:44   40    0   1949    1936   -13
14:48:45   40    0   1949    1936   -13
14:48:46   40    0   1949    1936   -13
14:48:47   40    0   1949    1936   -13
14:48:48   40    0   1949    1936   -13
14:48:49   40    0   1949    1936   -13
14:48:50   40    0   1949    1936   -13
14:48:51   40    0   1949    1936   -13
14:48:52   40    0   1949    1936   -13
14:48:53   40    0   1949    1936   -13
14:48:54   40    0   1949    1936   -13
14:48:55   40    0   1949    1936   -13
14:48:56   40    0   1949    1936   -13
14:48:57   40    0   1949    1936   -13
14:48:58   40    0   1949    1936   -13
14:48:59   40    0   1949    1936   -13
14:49:00   40    0   1949    1936   -13
14:49:01   40    0   1949    1936   -13
14:49:02   40    0   1949    1936   -13
14:49:03   40    0   1949    1936   -13
14:49:04   40    0   1949    1936   -13
14:49:05   40    0   1949    1936   -13
14:49:06   40    0   1949    1936   -13
14:49:07   40    0   1949    1936   -13
14:49:08   40    0   1949    1936   -13
14:49:09   40    0   1949    1936   -13
14:49:10   40    0   1949    1936   -13
14:49:11   40    0   1949    1936   -13
14:49:12   40    0   1949    1936   -13
14:49:13   40    0   1949    1936   -13
14:49:14   40    0   1949    1936   -13
14:49:15   40    0   1949    1936   -13
14:49:16   40    0   1949    1936   -13
14:49:17   40    0   1949    1936   -13
14:49:18   40    0   1949    1936   -13
14:49:19   40    0   1949    1936   -13
14:49:20   40    0   1949    1936   -13
14:49:21   40    0   1949    1936   -13
14:49:22   40    0   1949    1936   -13
14:49:23   40    0   1949    1936   -13
14:49:24   40    0   1949    1936   -13
14:49:25   40    0   1949    1936   -13
14:49:26   40    0   1949    1936   -13
14:49:27   40    0   1949    1936   -13
14:49:28   40    0   1949    1936   -13
14:49:29   40    0   1949    1936   -13
14:49:30   40    0   1949    1936   -13
14:49:31   40    0   1949    1936   -13
14:49:32   40    0   1949    1936   -13
14:49:33   40    0   1949    1936   -13
14:49:34   40    0   1949    1936   -13
14:49:35   40    0   1949    1936   -13
14:49:36   40    0   1949    1936   -13
14:49:37   40    0   1949    1936   -13
14:49:38   40    0   1949    1936   -13
14:49:39   40    0   1949    1936   -13
14:49:40   40    0   1949    1936   -13
14:49:41   40    0   1949    1936   -13
14:49:42   40    0   1949    1936   -13
14:49:43   40    0   1949    1936   -13
14:49:44   40    0   1949    1936   -13
14:49:45   40    0   1949    1936   -13
14:49:46   40    0   1949    1936   -13
14:49:47   40    0   1949    1936   -13
14:49:48   40    0   1949    1936   -13
14:49:49   40    0   1949    1936   -13
14:49:50   40    0   1949    1936   -13
14:49:51   40    0   1949    1936   -13
14:49:52   40    0   1949    1936   -13
14:49:53   40    0   1949    1936   -13
14:49:54   40    0   1949    1936   -13
14:49:55   40    0   1949    1936   -13
14:49:56   40    0   1949    1936   -13
14:49:57   40    0   1949    1936   -13
14:49:58   40    0   1949    1936   -13
14:49:59   40    0   1949    1936   -13
14:50:00   40    0   1949    1936   -13
14:50:01   40    0   1949    1936   -13
14:50:02   40    0   1949    1936   -13
14:50:03   40    0   1949    1936   -13
14:50:04   40    0   1949    1936   -13
14:50:05   40    0   1949    1936   -13
14:50:06   40    0   1949    1936   -13
14:50:07   40    0   1949    1936   -13
14:50:08   40    0   1949    1936   -13
14:50:09   40    0   1949    1936   -13
14:50:10   40    0   1949    1936   -13
14:50:11   40    0   1949    1936   -13
14:50:12   40    0   1949    1936   -13
14:50:13   40    0   1949    1936   -13
14:50:14   40    0   1949    1936   -13
14:50:15   40    0   1949    1936   -13
14:50:16   40    0   1949    1936   -13
14:50:17   40    0   1949    1936   -13
14:50:18   40    0   1949    1936   -13
14:50:19   40    0   1949    1936   -13
14:50:20   40    0   1949    1936   -13
14:50:21   40    0   1949    1936   -13
14:50:22   40    0   1949    1936   -13
14:50:23   40    0   1949    1936   -13
14:50:24   40    0   1949    1936   -13
14:50:25   40    0   1949    1936   -13
14:50:26   40    0   1949    1936   -13
14:50:27   40    0   1949    1936   -13
14:50:28   40    0   1949    1936   -13
14:50:29   40    0   1949    1936   -13
14:50:30   40    0   1949    1936   -13
14:50:31   40    0   1949    1936   -13
14:50:32   40    0   1949    1936   -13
14:50:33   40    0   1949    1936   -13
14:50:34   40    0   1949    1936   -13
14:50:35   40    0   1949    1936   -13
14:50:36   40    0   1949    1936   -13
14:50:37   40    0   1949    1936   -13
14:50:38   40    0   1949    1936   -13
14:50:39   40    0   1949    1936   -13
14:50:40   40    0   1949    1936   -13
14:50:41   40    0   1949    1936   -13
14:50:42   40    0   1949    1936   -13
14:50:43   40    0   1949    1936   -13
14:50:44   40    0   1949    1936   -13
14:50:45   40    0   1949    1936   -13
14:50:46   40    0   1949    1936   -13
14:50:47   40    0   1949    1936   -13
14:50:48   40    0   1949    1936   -13
14:50:49   40    0   1949    1936   -13
14:50:50   40    0   1949    1936   -13
14:50:51   40    0   1949    1936   -13
14:50:52   40    0   1949    1936   -13
14:50:53   40    0   1949    1936   -13
14:50:54   40    0   1949    1936   -13
14:50:55   40    0   1949    1936   -13
14:50:56   40    0   1949    1936   -13
14:50:57   40    0   1949    1936   -13
14:50:58   40    0   1949    1936   -13
14:50:59   40    0   1949    1936   -13
14:51:00   40    0   1949    1936   -13
14:51:01   40    0   1949    1936   -13
14:51:02   40    0   1949    1936   -13
14:51:03   40    0   1949    1936   -13
14:51:04   40    0   1949    1936   -13
14:51:05   40    0   1949    1936   -13
14:51:06   40    0   1949    1936   -13
14:51:07   40    0   1949    1936   -13
14:51:08   40    0   1949    1936   -13
14:51:09   40    0   1949    1936   -13
14:51:10   40    0   1949    1936   -13
14:51:11   40    0   1949    1936   -13
14:51:12   40    0   1949    1936   -13
14:51:13   40    0   1949    1936   -13
14:51:14   40    0   1949    1936   -13
14:51:15   40    0   1949    1936   -13
14:51:16   40    0   1949    1936   -13
14:51:17   40    0   1949    1936   -13
14:51:18   40    0   1949    1936   -13
14:51:19   40    0   1949    1936   -13
14:51:20   40    0   1949    1936   -13
14:51:21   40    0   1949    1936   -13
14:51:22   40    0   1949    1936   -13
14:51:23   40    0   1949    1936   -13
14:51:24   40    0   1949    1936   -13
14:51:25   40    0   1949    1936   -13
14:51:26   40    0   1949    1936   -13
14:51:27   40    0   1949    1936   -13
14:51:28   40    0   1949    1936   -13
14:51:29   40    0   1949    1936   -13
14:51:30   40    0   1949    1936   -13
14:51:31   40    0   1949    1936   -13
14:51:32   40    0   1949    1936   -13
14:51:33   40    0   1949    1936   -13
14:51:34   40    0   1949    1936   -13
14:51:35   40    0   1949    1936   -13
14:51:36   40    0   1949    1936   -13
14:51:37   40    0   1949    1936   -13
14:51:38   40    0   1949    1936   -13
14:51:39   40    0   1949    1936   -13
14:51:40   40    0   1949    1936   -13
14:51:41   40    0   1949    1936   -13
14:51:42   40    0   1949    1936   -13
14:51:43   40    0   1949    1936   -13
14:51:44   40    0   1949    1936   -13
14:51:45   40    0   1949    1936   -13
14:51:46   40    0   1949    1936   -13
14:51:47   40    0   1949    1936   -13
14:51:48   40    0   1949    1936   -13
14:51:49   40    0   1949    1936   -13
14:51:50   40    0   1949    1936   -13
14:51:51   40    0   1949    1936   -13
14:51:52   40    0   1949    1936   -13
14:51:53   40    0   1949    1936   -13
14:51:54   40    0   1949    1936   -13
14:51:55   40    0   1949    1936   -13
14:51:56   40    0   1949    1936   -13
14:51:57   40    0   1949    1936   -13
14:51:58   40    0   1949    1936   -13
14:51:59   40    0   1949    1936   -13
14:52:00   40    0   1949    1936   -13
14:52:01   40    0   1949    1936   -13
14:52:02   40    0   1949    1936   -13
14:52:03   40    0   1949    1936   -13
14:52:04   40    0   1949    1936   -13
14:52:05   40    0   1949    1936   -13
14:52:06   40    0   1949    1936   -13
14:52:07   40    0   1949    1936   -13
14:52:08   40    0   1949    1936   -13
14:52:09   40    0   1949    1936   -13
14:52:10   40    0   1949    1936   -13
14:52:11   40    0   1949    1936   -13
14:52:12   40    0   1949    1936   -13
14:52:13   40    0   1949    1936   -13
14:52:14   40    0   1949    1936   -13
14:52:15   40    0   1949    1936   -13
14:52:16   40    0   1949    1936   -13
14:52:17   40    0   1949    1936   -13
14:52:18   40    0   1949    1936   -13
14:52:19   40    0   1949    1936   -13
14:52:20   40    0   1949    1936   -13
14:52:21   40    0   1949    1936   -13
14:52:22   40    0   1949    1936   -13
14:52:23   40    0   1949    1936   -13
14:52:24   40    0   1949    1936   -13
14:52:25   40    0   1949    1936   -13
14:52:26   40    0   1949    1936   -13
14:52:27   40    0   1949    1936   -13
14:52:28   40    0   1949    1936   -13
14:52:29   40    0   1949    1936   -13
14:52:30   40    0   1949    1936   -13
14:52:31   40    0   1949    1936   -13
14:52:32   40    0   1949    1936   -13
14:52:33   40    0   1949    1936   -13
14:52:34   40    0   1949    1936   -13
14:52:35   40    0   1949    1936   -13
14:52:36   40    0   1949    1936   -13
14:52:37   40    0   1949    1936   -13
14:52:38   40    0   1949    1936   -13
14:52:39   40    0   1949    1936   -13
14:52:40   40    0   1949    1936   -13
14:52:41   40    0   1949    1936   -13
14:52:42   40    0   1949    1936   -13
14:52:43   40    0   1949    1936   -13
14:52:44   40    0   1949    1936   -13
14:52:45   40    0   1949    1936   -13
14:52:46   40    0   1949    1936   -13
14:52:47   40    0   1949    1936   -13
14:52:48   40    0   1949    1936   -13
14:52:49   40    0   1949    1936   -13
14:52:50   40    0   1949    1936   -13
14:52:51   40    0   1949    1936   -13
14:52:52   40    0   1949    1936   -13
14:52:53   40    0   1949    1936   -13
14:52:54   40    0   1949    1936   -13
14:52:55   40    0   1949    1936   -13
14:52:56   40    0   1949    1936   -13
14:52:57   40    0   1949    1936   -13
14:52:58   40    0   1949    1936   -13
14:52:59   40    0   1949    1936   -13
14:53:00   40    0   1949    1936   -13
14:53:01   40    0   1949    1936   -13
14:53:02   40    0   1949    1936   -13
14:53:03   40    0   1949    1936   -13
14:53:04   40    0   1949    1936   -13
14:53:05   40    0   1949    1936   -13
14:53:06   40    0   1949    1936   -13
14:53:07   40    0   1949    1936   -13
14:53:08   40    0   1949    1936   -13
14:53:09   40    0   1949    1936   -13
14:53:10   40    0   1949    1936   -13
14:53:11   40    0   1949    1936   -13
14:53:12   40    0   1949    1936   -13
14:53:13   40    0   1949    1936   -13
14:53:14   40    0   1949    1936   -13
14:53:15   40    0   1949    1936   -13
14:53:16   40    0   1949    1936   -13
14:53:17   40    0   1949    1936   -13
14:53:18   40    0   1949    1936   -13
14:53:19   40    0   1949    1936   -13
14:53:20   40    0   1949    1936   -13
14:53:21   40    0   1949    1936   -13
14:53:22   40    0   1949    1936   -13
14:53:23   40    0   1949    1936   -13
14:53:24   40    0   1949    1936   -13
14:53:25   40    0   1949    1936   -13
14:53:26   40    0   1949    1936   -13
14:53:27   40    0   1949    1936   -13
14:53:28   40    0   1949    1936   -13
14:53:29   40    0   1949    1936   -13
14:53:30   40    0   1949    1936   -13
14:53:31   40    0   1949    1936   -13
14:53:32   40    0   1949    1936   -13
14:53:33   40    0   1949    1936   -13
14:53:34   40    0   1949    1936   -13
14:53:35   40    0   1949    1936   -13
14:53:36   40    0   1949    1936   -13
14:53:37   40    0   1949    1936   -13
14:53:38   40    0   1949    1936   -13
14:53:39   40    0   1949    1936   -13
14:53:40   40    0   1949    1936   -13
14:53:41   40    0   1949    1936   -13
14:53:42   40    0   1949    1936   -13
14:53:43   40    0   1949    1936   -13
14:53:44   40    0   1949    1936   -13
14:53:45   40    0   1949    1936   -13
14:53:46   40    0   1949    1936   -13
14:53:47   40    0   1949    1936   -13
14:53:48   40    0   1949    1936   -13
14:53:49   40    0   1949    1936   -13
14:53:50   40    0   1949    1936   -13
14:53:51   40    0   1949    1936   -13
14:53:52   40    0   1949    1936   -13
14:53:53   40    0   1949    1936   -13
14:53:54   40    0   1949    1936   -13
14:53:55   40    0   1949    1936   -13
14:53:56   40    0   1949    1936   -13
14:53:57   40    0   1949    1936   -13
14:53:58   40    0   1949    1936   -13
14:53:59   40    0   1949    1936   -13
14:54:00   40    0   1949    1936   -13
14:54:01   40    0   1949    1936   -13
14:54:02   40    0   1949    1936   -13
14:54:03   40    0   1949    1936   -13
14:54:04   40    0   1949    1936   -13
14:54:05   40    0   1949    1936   -13
14:54:06   40    0   1949    1936   -13
14:54:07   40    0   1949    1936   -13
14:54:08   40    0   1949    1936   -13
14:54:09   40    0   1949    1936   -13
14:54:10   40    0   1949    1936   -13
14:54:11   40    0   1949    1936   -13
14:54:12   40    0   1949    1936   -13
14:54:13   40    0   1949    1936   -13
14:54:14   40    0   1949    1936   -13
14:54:15   40    0   1949    1936   -13
14:54:16   40    0   1949    1936   -13
14:54:17   40    0   1949    1936   -13
14:54:18   40    0   1949    1936   -13
14:54:19   40    0   1949    1936   -13
14:54:20   40    0   1949    1936   -13
14:54:21   40    0   1949    1936   -13
14:54:22   40    0   1949    1936   -13
14:54:23   40    0   1949    1936   -13
14:54:24   40    0   1949    1936   -13
14:54:25   40    0   1949    1936   -13
14:54:26   40    0   1949    1936   -13
14:54:27   40    0   1949    1936   -13
14:54:28   40    0   1949    1936   -13
14:54:29   40    0   1949    1936   -13
14:54:30   40    0   1949    1936   -13
14:54:31   40    0   1949    1936   -13
14:54:32   40    0   1949    1936   -13
14:54:33   40    0   1949    1936   -13
14:54:34   40    0   1949    1936   -13
14:54:35   40    0   1949    1936   -13
14:54:36   40    0   1949    1936   -13
14:54:37   40    0   1949    1936   -13
14:54:38   40    0   1949    1936   -13
14:54:39   40    0   1949    1936   -13
14:54:40   40    0   1949    1936   -13
14:54:41   40    0   1949    1936   -13
14:54:42   40    0   1949    1936   -13
14:54:43   40    0   1949    1936   -13
14:54:44   40    0   1949    1936   -13
14:54:45   40    0   1949    1936   -13
14:54:46   40    0   1949    1936   -13
14:54:47   40    0   1949    1936   -13
14:54:48   40    0   1949    1936   -13
14:54:49   40    0   1949    1936   -13
14:54:50   40    0   1949    1936   -13
14:54:51   40    0   1949    1936   -13
14:54:52   40    0   1949    1936   -13
14:54:53   40    0   1949    1936   -13
14:54:54   40    0   1949    1936   -13
14:54:55   40    0   1949    1936   -13
14:54:56   40    0   1949    1936   -13
14:54:57   40    0   1949    1936   -13
14:54:58   40    0   1949    1936   -13
14:54:59   40    0   1949    1936   -13
14:55:00   40    0   1949    1936   -13
14:55:01   40    0   1949    1936   -13
14:55:02   40    0   1949    1936   -13
14:55:03   40    0   1949    1936   -13
14:55:04   40    0   1949    1936   -13
14:55:05   40    0   1949    1936   -13
14:55:06   40    0   1949    1936   -13
14:55:07   40    0   1949    1936   -13
14:55:08   40    0   1949    1936   -13
14:55:09   40    0   1949    1936   -13
14:55:10   40    0   1949    1936   -13
14:55:11   40    0   1949    1936   -13
14:55:12   40    0   1949    1936   -13
14:55:13   40    0   1949    1936   -13
14:55:14   40    0   1949    1936   -13
14:55:15   40    0   1949    1936   -13
14:55:16   40    0   1949    1936   -13
14:55:17   40    0   1949    1936   -13
14:55:18   40    0   1949    1936   -13
14:55:19   40    0   1949    1936   -13
14:55:20   40    0   1949    1936   -13
14:55:21   40    0   1949    1936   -13
14:55:22   40    0   1949    1936   -13
14:55:23   40    0   1949    1936   -13
14:55:24   40    0   1949    1936   -13
14:55:25   40    0   1949    1936   -13
14:55:26   40    0   1949    1936   -13
14:55:27   40    0   1949    1936   -13
14:55:28   40    0   1949    1936   -13
14:55:29   40    0   1949    1936   -13
14:55:30   40    0   1949    1936   -13
14:55:31   40    0   1949    1936   -13
14:55:32   40    0   1949    1936   -13
14:55:33   40    0   1949    1936   -13
14:55:34   40    0   1949    1936   -13
14:55:35   40    0   1949    1936   -13
14:55:36   40    0   1949    1936   -13
14:55:37   40    0   1949    1936   -13
14:55:38   40    0   1949    1936   -13
14:55:39   40    0   1949    1936   -13
14:55:40   40    0   1949    1936   -13
14:55:41   40    0   1949    1936   -13
14:55:42   40    0   1949    1936   -13
14:55:43   40    0   1949    1936   -13
14:55:44   40    0   1949    1936   -13
14:55:45   40    0   1949    1936   -13
14:55:46   40    0   1949    1936   -13
14:55:47   40    0   1949    1936   -13
14:55:48   40    0   1949    1936   -13
14:55:49   40    0   1949    1936   -13
14:55:50   40    0   1949    1936   -13
14:55:51   40    0   1949    1936   -13
14:55:52   40    0   1949    1936   -13
14:55:53   40    0   1949    1936   -13
14:55:54   40    0   1949    1936   -13
14:55:55   40    0   1949    1936   -13
14:55:56   40    0   1949    1936   -13
14:55:57   40    0   1949    1936   -13
14:55:58   40    0   1949    1936   -13
14:55:59   40    0   1949    1936   -13
14:56:00   40    0   1949    1936   -13
14:56:01   40    0   1949    1936   -13
14:56:02   40    0   1949    1936   -13
14:56:03   40    0   1949    1936   -13
14:56:04   40    0   1949    1936   -13
14:56:05   40    0   1949    1936   -13
14:56:06   40    0   1949    1936   -13
14:56:07   40    0   1949    1936   -13
14:56:08   40    0   1949    1936   -13
14:56:09   40    0   1949    1936   -13
14:56:10   40    0   1949    1936   -13
14:56:11   40    0   1949    1936   -13
14:56:12   40    0   1949    1936   -13
14:56:13   40    0   1949    1936   -13
14:56:14   40    0   1949    1936   -13
14:56:15   40    0   1949    1936   -13
14:56:16   40    0   1949    1936   -13
14:56:17   40    0   1949    1936   -13
14:56:18   40    0   1949    1936   -13
14:56:19   40    0   1949    1936   -13
14:56:20   40    0   1949    1936   -13
14:56:21   40    0   1949    1936   -13
14:56:22   40    0   1949    1936   -13
14:56:23   40    0   1949    1936   -13
14:56:24   40    0   1949    1936   -13
14:56:25   40    0   1949    1936   -13
14:56:26   40    0   1949    1936   -13
14:56:27   40    0   1949    1936   -13
14:56:28   40    0   1949    1936   -13
14:56:29   40    0   1949    1936   -13
14:56:31   40    0   1949    1936   -13
14:56:31   40    0   1949    1936   -13
14:56:32   40    0   1949    1936   -13
14:56:33   40    0   1949    1936   -13
14:56:34   40    0   1949    1936   -13
14:56:35   40    0   1949    1936   -13
14:56:36   40    0   1949    1936   -13
14:56:37   40    0   1949    1936   -13
14:56:38   40    0   1949    1936   -13
14:56:39   40    0   1949    1936   -13
14:56:40   40    0   1949    1936   -13
14:56:41   40    0   1949    1936   -13
14:56:42   40    0   1949    1936   -13
14:56:43   40    0   1949    1936   -13
14:56:44   40    0   1949    1936   -13
14:56:46   40    0   1949    1936   -13
14:56:46   40    0   1949    1936   -13
14:56:47   40    0   1949    1936   -13
14:56:48   40    0   1949    1936   -13
14:56:49   40    0   1949    1936   -13
14:56:50   40    0   1949    1936   -13
14:56:51   40    0   1949    1936   -13
14:56:52   40    0   1949    1936   -13
14:56:53   40    0   1949    1936   -13
14:56:54   40    0   1949    1936   -13
14:56:55   40    0   1949    1936   -13
14:56:56   40    0   1949    1936   -13
14:56:57   40    0   1949    1936   -13
14:56:58   40    0   1949    1936   -13
14:56:59   40    0   1949    1936   -13
14:57:01   40    0   1949    1936   -13
14:57:01   40    0   1949    1936   -13
14:57:02   40    0   1949    1936   -13
14:57:03   40    0   1949    1936   -13
14:57:04   40    0   1949    1936   -13
14:57:05   40    0   1949    1936   -13
14:57:06   40    0   1949    1936   -13
14:57:07   40    0   1949    1936   -13
14:57:08   40    0   1949    1936   -13
14:57:09   40    0   1949    1936   -13
14:57:11   40    0   1949    1936   -13
14:57:12   40    0   1949    1936   -13
14:57:12   40    0   1949    1936   -13
14:57:13   40    0   1949    1936   -13
14:57:14   40    0   1949    1936   -13
14:57:16   40    0   1949    1936   -13
14:57:16   40    0   1949    1936   -13
14:57:17   40    0   1949    1936   -13
14:57:18   40    0   1949    1936   -13
14:57:19   40    0   1949    1936   -13
14:57:20   40    0   1949    1936   -13
14:57:21   40    0   1949    1936   -13
14:57:22   40    0   1949    1936   -13
14:57:23   40    0   1949    1936   -13
14:57:24   40    0   1949    1936   -13
14:57:25   40    0   1949    1936   -13
14:57:26   40    0   1949    1936   -13
14:57:27   40    0   1949    1936   -13
14:57:28   40    0   1949    1936   -13
14:57:29   40    0   1949    1936   -13
14:57:31   40    0   1949    1936   -13
14:57:31   40    0   1949    1936   -13
14:57:32   40    0   1949    1936   -13
14:57:33   40    0   1949    1936   -13
14:57:34   40    0   1949    1936   -13
14:57:35   40    0   1949    1936   -13
14:57:36   40    0   1949    1936   -13
14:57:38   40    0   1949    1936   -13
14:57:38   40    0   1949    1936   -13
14:57:39   40    0   1949    1936   -13
14:57:40   40    0   1949    1936   -13
14:57:41   40    0   1949    1936   -13
14:57:43   40    0   1949    1936   -13
14:57:43   40    0   1949    1936   -13
14:57:44   40    0   1949    1936   -13
14:57:46   40    0   1949    1936   -13
14:57:46   40    0   1949    1936   -13
14:57:47   40    0   1949    1936   -13
14:57:48   40    0   1949    1936   -13
14:57:49   40    0   1949    1936   -13
14:57:51   40    0   1949    1936   -13
14:57:52   40    0   1949    1936   -13
14:57:53   40    0   1949    1936   -13
14:57:54   40    0   1949    1936   -13
14:57:55   40    0   1949    1936   -13
14:57:55   40    0   1949    1936   -13
14:57:57   40    0   1949    1936   -13
14:57:58   40    0   1949    1936   -13
14:57:59   40    0   1949    1936   -13
14:58:00   40    0   1949    1936   -13
14:58:01   40    0   1949    1936   -13
14:58:02   40    0   1949    1936   -13
14:58:03   40    0   1949    1936   -13
14:58:04   40    0   1949    1936   -13
14:58:05   40    0   1949    1936   -13
14:58:06   40    0   1949    1936   -13
14:58:07   40    0   1949    1936   -13
14:58:08   40    0   1949    1936   -13
14:58:09   40    0   1949    1936   -13
14:58:10   40    0   1949    1936   -13
14:58:11   40    0   1949    1936   -13
14:58:12   40    0   1949    1936   -13
14:58:13   40    0   1949    1936   -13
14:58:14   40    0   1949    1936   -13
14:58:15   40    0   1949    1936   -13
14:58:16   40    0   1949    1936   -13
14:58:17   40    0   1949    1936   -13
14:58:18   40    0   1949    1936   -13
14:58:19   40    0   1949    1936   -13
14:58:20   40    0   1949    1936   -13
14:58:21   40    0   1949    1936   -13
14:58:22   40    0   1949    1936   -13
14:58:23   40    0   1949    1936   -13
14:58:24   40    0   1949    1936   -13
14:58:25   40    0   1949    1936   -13
14:58:26   40    0   1949    1936   -13
14:58:27   40    0   1949    1936   -13
14:58:28   40    0   1949    1936   -13
14:58:29   40    0   1949    1936   -13
14:58:30   40    0   1949    1936   -13
14:58:31   40    0   1949    1936   -13
14:58:32   40    0   1949    1936   -13
14:58:33   40    0   1949    1936   -13
14:58:34   40    0   1949    1936   -13
14:58:35   40    0   1949    1936   -13
14:58:36   40    0   1949    1936   -13
14:58:37   40    0   1949    1936   -13
14:58:38   40    0   1949    1936   -13
14:58:39   40    0   1949    1936   -13
14:58:40   40    0   1949    1936   -13
14:58:41   40    0   1949    1936   -13
14:58:42   40    0   1949    1936   -13
14:58:43   40    0   1949    1936   -13
14:58:44   40    0   1949    1936   -13
14:58:45   40    0   1949    1936   -13
14:58:46   40    0   1949    1936   -13
14:58:47   40    0   1949    1936   -13
14:58:48   40    0   1949    1936   -13
14:58:49   40    0   1949    1936   -13
14:58:50   40    0   1949    1936   -13
14:58:51   40    0   1949    1936   -13
14:58:52   40    0   1949    1936   -13
14:58:53   40    0   1949    1936   -13
14:58:54   40    0   1949    1936   -13
14:58:55   40    0   1949    1936   -13
14:58:56   40    0   1949    1936   -13
14:58:57   40    0   1949    1936   -13
14:58:58   40    0   1949    1936   -13
14:58:59   40    0   1949    1936   -13
14:59:00   40    0   1949    1936   -13
14:59:01   40    0   1949    1936   -13
14:59:02   40    0   1949    1936   -13
14:59:03   40    0   1949    1936   -13
14:59:04   40    0   1949    1936   -13
14:59:05   40    0   1949    1936   -13
14:59:06   40    0   1949    1936   -13
14:59:07   40    0   1949    1936   -13
14:59:08   40    0   1949    1936   -13
14:59:09   40    0   1949    1936   -13
14:59:10   40    0   1949    1936   -13
14:59:11   40    0   1949    1936   -13
14:59:12   40    0   1949    1936   -13
14:59:13   40    0   1949    1936   -13
14:59:14   40    0   1949    1936   -13
14:59:15   40    0   1949    1936   -13
14:59:16   40    0   1949    1936   -13
14:59:17   40    0   1949    1936   -13
14:59:18   40    0   1949    1936   -13
14:59:19   40    0   1949    1936   -13
14:59:20   40    0   1949    1936   -13
14:59:21   40    0   1949    1936   -13
14:59:22   40    0   1949    1936   -13
14:59:23   40    0   1949    1936   -13
14:59:24   40    0   1949    1936   -13
14:59:25   40    0   1949    1936   -13
14:59:26   40    0   1949    1936   -13
14:59:27   40    0   1949    1936   -13
14:59:28   40    0   1949    1936   -13
14:59:29   40    0   1949    1936   -13
14:59:30   40    0   1949    1936   -13
14:59:31   40    0   1949    1936   -13
14:59:32   40    0   1949    1936   -13
14:59:33   40    0   1949    1936   -13
14:59:34   40    0   1949    1936   -13
14:59:35   40    0   1949    1936   -13
14:59:36   40    0   1949    1936   -13
14:59:37   40    0   1949    1936   -13
14:59:38   40    0   1949    1936   -13
14:59:39   40    0   1949    1936   -13
14:59:40   40    0   1949    1936   -13
14:59:41   40    0   1949    1936   -13
14:59:42   40    0   1949    1936   -13
14:59:43   40    0   1949    1936   -13
14:59:44   40    0   1949    1936   -13
14:59:45   40    0   1949    1936   -13
14:59:46   40    0   1949    1936   -13
14:59:47   40    0   1949    1936   -13
14:59:48   40    0   1949    1936   -13
14:59:49   40    0   1949    1936   -13
14:59:50   40    0   1949    1936   -13
14:59:51   40    0   1949    1936   -13
14:59:52   40    0   1949    1936   -13
14:59:53   40    0   1949    1936   -13
14:59:54   40    0   1949    1936   -13
14:59:55   40    0   1949    1936   -13
14:59:56   40    0   1949    1936   -13
14:59:57   40    0   1949    1936   -13
14:59:58   40    0   1949    1936   -13
14:59:59   40    0   1949    1936   -13
15:00:00   40    0   1949    1936   -13
15:00:01   40    0   1949    1936   -13
15:00:02   40    0   1949    1936   -13
15:00:03   40    0   1949    1936   -13
15:00:04   40    0   1949    1936   -13
15:00:05   40    0   1949    1936   -13
15:00:06   40    0   1949    1936   -13
15:00:07   40    0   1949    1936   -13
15:00:08   40    0   1949    1936   -13
15:00:09   40    0   1949    1936   -13
15:00:10   40    0   1949    1936   -13
15:00:11   40    0   1949    1936   -13
15:00:12   40    0   1949    1936   -13
15:00:13   40    0   1949    1936   -13
15:00:14   40    0   1949    1936   -13
15:00:15   40    0   1949    1936   -13
15:00:16   40    0   1949    1936   -13
15:00:17   40    0   1949    1936   -13
15:00:18   40    0   1949    1936   -13
15:00:19   40    0   1949    1936   -13
15:00:20   40    0   1949    1936   -13
15:00:21   40    0   1949    1936   -13
15:00:22   40    0   1949    1936   -13
15:00:23   40    0   1949    1936   -13
15:00:24   40    0   1949    1936   -13
15:00:25   40    0   1949    1936   -13
15:00:26   40    0   1949    1936   -13
15:00:27   40    0   1949    1936   -13
15:00:28   40    0   1949    1936   -13
15:00:29   40    0   1949    1936   -13
15:00:30   40    0   1949    1936   -13
15:00:31   40    0   1949    1936   -13
15:00:32   40    0   1949    1936   -13
15:00:33   40    0   1949    1936   -13
15:00:34   40    0   1949    1936   -13
15:00:35   40    0   1949    1936   -13
15:00:36   40    0   1949    1936   -13
15:00:37   40    0   1949    1936   -13
15:00:38   40    0   1949    1936   -13
15:00:39   40    0   1949    1936   -13
15:00:40   40    0   1949    1936   -13
15:00:41   40    0   1949    1936   -13
15:00:42   40    0   1949    1936   -13
15:00:43   40    0   1949    1936   -13
15:00:44   40    0   1949    1936   -13
15:00:45   40    0   1949    1936   -13
15:00:46   40    0   1949    1936   -13
15:00:47   40    0   1949    1936   -13
15:00:48   40    0   1949    1936   -13
15:00:49   40    0   1949    1936   -13
15:00:50   40    0   1949    1936   -13
15:00:51   40    0   1949    1936   -13
15:00:52   40    0   1949    1936   -13
15:00:53   40    0   1949    1936   -13
15:00:54   40    0   1949    1936   -13
15:00:55   40    0   1949    1936   -13
15:00:56   40    0   1949    1936   -13
15:00:57   40    0   1949    1936   -13
15:00:58   40    0   1949    1936   -13
15:00:59   40    0   1949    1936   -13
15:01:00   40    0   1949    1936   -13
15:01:01   40    0   1949    1936   -13
15:01:02   40    0   1949    1936   -13
15:01:03   40    0   1949    1936   -13
15:01:04   40    0   1949    1936   -13
15:01:05   40    0   1949    1936   -13
15:01:06   40    0   1949    1936   -13
15:01:07   40    0   1949    1936   -13
15:01:08   40    0   1949    1936   -13
15:01:09   40    0   1949    1936   -13
15:01:10   40    0   1949    1936   -13
15:01:11   40    0   1949    1936   -13
15:01:12   40    0   1949    1936   -13
15:01:13   40    0   1949    1936   -13
15:01:14   40    0   1949    1936   -13
15:01:15   40    0   1949    1936   -13
15:01:16   40    0   1949    1936   -13
15:01:17   40    0   1949    1936   -13
15:01:18   40    0   1949    1936   -13
15:01:19   40    0   1949    1936   -13
15:01:20   40    0   1949    1936   -13
15:01:21   40    0   1949    1936   -13
15:01:22   40    0   1949    1936   -13
15:01:23   40    0   1949    1936   -13
15:01:24   40    0   1949    1936   -13
15:01:25   40    0   1949    1936   -13
15:01:26   40    0   1949    1936   -13
15:01:27   40    0   1949    1936   -13
15:01:28   40    0   1949    1936   -13
15:01:29   40    0   1949    1936   -13
15:01:30   40    0   1949    1936   -13
15:01:31   40    0   1949    1936   -13
15:01:32   40    0   1949    1936   -13
15:01:33   40    0   1949    1936   -13
15:01:34   40    0   1949    1936   -13
15:01:35   40    0   1949    1936   -13
15:01:36   40    0   1949    1936   -13
15:01:37   40    0   1949    1936   -13
15:01:38   40    0   1949    1936   -13
15:01:39   40    0   1949    1936   -13
15:01:40   40    0   1949    1936   -13
15:01:41   40    0   1949    1936   -13
15:01:42   40    0   1949    1936   -13
15:01:43   40    0   1949    1936   -13
15:01:44   40    0   1949    1936   -13
15:01:45   40    0   1949    1936   -13
15:01:46   40    0   1949    1936   -13
15:01:47   40    0   1949    1936   -13
15:01:48   40    0   1949    1936   -13
15:01:49   40    0   1949    1936   -13
15:01:50   40    0   1949    1936   -13
15:01:51   40    0   1949    1936   -13
15:01:52   40    0   1949    1936   -13
15:01:53   40    0   1949    1936   -13
15:01:54   40    0   1949    1936   -13
15:01:55   40    0   1949    1936   -13
15:01:56   40    0   1949    1936   -13
15:01:57   40    0   1949    1936   -13
15:01:58   40    0   1949    1936   -13
15:01:59   40    0   1949    1936   -13
15:02:00   40    0   1949    1936   -13
15:02:01   40    0   1949    1936   -13
15:02:02   40    0   1949    1936   -13
15:02:03   40    0   1949    1936   -13
15:02:04   40    0   1949    1936   -13
15:02:05   40    0   1949    1936   -13
15:02:06   40    0   1949    1936   -13
15:02:07   40    0   1949    1936   -13
15:02:08   40    0   1949    1936   -13
15:02:09   40    0   1949    1936   -13
15:02:10   40    0   1949    1936   -13
15:02:11   40    0   1949    1936   -13
15:02:12   40    0   1949    1936   -13
15:02:13   40    0   1949    1936   -13
15:02:14   40    0   1949    1936   -13
15:02:15   40    0   1949    1936   -13
15:02:16   40    0   1949    1936   -13
15:02:17   40    0   1949    1936   -13
15:02:18   40    0   1949    1936   -13
15:02:19   40    0   1949    1936   -13
15:02:20   40    0   1949    1936   -13
15:02:21   40    0   1949    1936   -13
15:02:22   40    0   1949    1936   -13
15:02:23   40    0   1949    1936   -13
15:02:24   40    0   1949    1936   -13
15:02:25   40    0   1949    1936   -13
15:02:26   40    0   1949    1936   -13
15:02:27   40    0   1949    1936   -13
15:02:28   40    0   1949    1936   -13
15:02:29   40    0   1949    1936   -13
15:02:30   40    0   1949    1936   -13
15:02:31   40    0   1949    1936   -13
15:02:32   40    0   1949    1936   -13
15:02:33   40    0   1949    1936   -13
15:02:34   40    0   1949    1936   -13
15:02:35   40    0   1949    1936   -13
15:02:36   40    0   1949    1936   -13
15:02:37   40    0   1949    1936   -13
15:02:38   40    0   1949    1936   -13
15:02:39   40    0   1949    1936   -13
15:02:40   40    0   1949    1936   -13
15:02:41   40    0   1949    1936   -13
15:02:42   40    0   1949    1936   -13
15:02:43   40    0   1949    1936   -13
15:02:44   40    0   1949    1936   -13
15:02:45   40    0   1949    1936   -13
15:02:46   40    0   1949    1936   -13
15:02:47   40    0   1949    1936   -13
15:02:48   40    0   1949    1936   -13
15:02:49   40    0   1949    1936   -13
15:02:50   40    0   1949    1936   -13
15:02:51   40    0   1949    1936   -13
15:02:52   40    0   1949    1936   -13
15:02:53   40    0   1949    1936   -13
15:02:54   40    0   1949    1936   -13
15:02:55   40    0   1949    1936   -13
15:02:56   40    0   1949    1936   -13
15:02:57   40    0   1949    1936   -13
15:02:58   40    0   1949    1936   -13
15:02:59   40    0   1949    1936   -13
15:03:00   40    0   1949    1936   -13
15:03:01   40    0   1949    1936   -13
15:03:02   40    0   1949    1936   -13
15:03:03   40    0   1949    1936   -13
15:03:04   40    0   1949    1936   -13
15:03:05   40    0   1949    1936   -13
15:03:06   40    0   1949    1936   -13
15:03:07   40    0   1949    1936   -13
15:03:08   40    0   1949    1936   -13
15:03:09   40    0   1949    1936   -13
15:03:10   40    0   1949    1936   -13
15:03:11   40    0   1949    1936   -13
15:03:12   40    0   1949    1936   -13
15:03:13   40    0   1949    1936   -13
15:03:14   40    0   1949    1936   -13
15:03:15   40    0   1949    1936   -13
15:03:16   40    0   1949    1936   -13
15:03:17   40    0   1949    1936   -13
15:03:18   40    0   1949    1936   -13
15:03:19   40    0   1949    1936   -13
15:03:20   40    0   1949    1936   -13
15:03:21   40    0   1949    1936   -13
15:03:22   40    0   1949    1936   -13
15:03:23   40    0   1949    1936   -13
15:03:24   40    0   1949    1936   -13
15:03:25   40    0   1949    1936   -13
15:03:26   40    0   1949    1936   -13
15:03:27   40    0   1949    1936   -13
15:03:28   40    0   1949    1936   -13
15:03:29   40    0   1949    1936   -13
15:03:30   40    0   1949    1936   -13
15:03:31   40    0   1949    1936   -13
15:03:32   40    0   1949    1936   -13
15:03:33   40    0   1949    1936   -13
15:03:34   40    0   1949    1936   -13
15:03:35   40    0   1949    1936   -13
15:03:36   40    0   1949    1936   -13
15:03:37   40    0   1949    1936   -13
15:03:38   40    0   1949    1936   -13
15:03:39   40    0   1949    1936   -13
15:03:40   40    0   1949    1936   -13
15:03:41   40    0   1949    1936   -13
15:03:42   40    0   1949    1936   -13
15:03:43   40    0   1949    1936   -13
15:03:44   40    0   1949    1936   -13
15:03:45   40    0   1949    1936   -13
15:03:46   40    0   1949    1936   -13
15:03:47   40    0   1949    1936   -13
15:03:48   40    0   1949    1936   -13
15:03:49   40    0   1949    1936   -13
15:03:50   40    0   1949    1936   -13
15:03:51   40    0   1949    1936   -13
15:03:52   40    0   1949    1936   -13
15:03:53   40    0   1949    1936   -13
15:03:54   40    0   1949    1936   -13
15:03:55   40    0   1949    1936   -13
15:03:56   40    0   1949    1936   -13
15:03:57   40    0   1949    1936   -13
15:03:58   40    0   1949    1936   -13
15:03:59   40    0   1949    1936   -13
15:04:00   40    0   1949    1936   -13
15:04:01   40    0   1949    1936   -13
15:04:02   40    0   1949    1936   -13
15:04:03   40    0   1949    1936   -13
15:04:04   40    0   1949    1936   -13
15:04:05   40    0   1949    1936   -13
15:04:06   40    0   1949    1936   -13
15:04:07   40    0   1949    1936   -13
15:04:08   40    0   1949    1936   -13
15:04:09   40    0   1949    1936   -13
15:04:10   40    0   1949    1936   -13
15:04:11   40    0   1949    1936   -13
15:04:12   40    0   1949    1936   -13
15:04:13   40    0   1949    1936   -13
15:04:14   40    0   1949    1936   -13
15:04:15   40    0   1949    1936   -13
15:04:16   40    0   1949    1936   -13
15:04:17   40    0   1949    1936   -13
15:04:18   40    0   1949    1936   -13
15:04:19   40    0   1949    1936   -13
15:04:20   40    0   1949    1936   -13
15:04:21   40    0   1949    1936   -13
15:04:22   40    0   1949    1936   -13
15:04:23   40    0   1949    1936   -13
15:04:24   40    0   1949    1936   -13
15:04:25   40    0   1949    1936   -13
15:04:26   40    0   1949    1936   -13
15:04:27   40    0   1949    1936   -13
15:04:28   40    0   1949    1936   -13
15:04:29   40    0   1949    1936   -13
15:04:30   40    0   1949    1936   -13
15:04:31   40    0   1949    1936   -13
15:04:32   40    0   1949    1936   -13
15:04:33   40    0   1949    1936   -13
15:04:34   40    0   1949    1936   -13
15:04:35   40    0   1949    1936   -13
15:04:36   40    0   1949    1936   -13
15:04:37   40    0   1949    1936   -13
15:04:38   40    0   1949    1936   -13
15:04:39   40    0   1949    1936   -13
15:04:40   40    0   1949    1936   -13
15:04:41   40    0   1949    1936   -13
15:04:42   40    0   1949    1936   -13
15:04:43   40    0   1949    1936   -13
15:04:44   40    0   1949    1936   -13
15:04:45   40    0   1949    1936   -13
15:04:46   40    0   1949    1936   -13
15:04:47   40    0   1949    1936   -13
15:04:48   40    0   1949    1936   -13
15:04:49   40    0   1949    1936   -13
15:04:50   40    0   1949    1936   -13
15:04:51   40    0   1949    1936   -13
15:04:52   40    0   1949    1936   -13
15:04:53   40    0   1949    1936   -13
15:04:54   40    0   1949    1936   -13
15:04:55   40    0   1949    1936   -13
15:04:56   40    0   1949    1936   -13
15:04:57   40    0   1949    1936   -13
15:04:58   40    0   1949    1936   -13
15:04:59   40    0   1949    1936   -13
15:05:00   40    0   1949    1936   -13
15:05:01   40    0   1949    1936   -13
15:05:02   40    0   1949    1936   -13
15:05:03   40    0   1949    1936   -13
15:05:04   40    0   1949    1936   -13
15:05:05   40    0   1949    1936   -13
15:05:06   40    0   1949    1936   -13
15:05:07   40    0   1949    1936   -13
15:05:08   40    0   1949    1936   -13
15:05:09   40    0   1949    1936   -13
15:05:10   40    0   1949    1936   -13
15:05:11   40    0   1949    1936   -13
15:05:12   40    0   1949    1936   -13
15:05:13   40    0   1949    1936   -13
15:05:14   40    0   1949    1936   -13
15:05:15   40    0   1949    1936   -13
15:05:16   40    0   1949    1936   -13
15:05:17   40    0   1949    1936   -13
15:05:18   40    0   1949    1936   -13
15:05:19   40    0   1949    1936   -13
15:05:20   40    0   1949    1936   -13
15:05:21   40    0   1949    1936   -13
15:05:22   40    0   1949    1936   -13
15:05:23   40    0   1949    1936   -13
15:05:24   40    0   1949    1936   -13
15:05:25   40    0   1949    1936   -13
15:05:26   40    0   1949    1936   -13
15:05:27   40    0   1949    1936   -13
15:05:28   40    0   1949    1936   -13
15:05:29   40    0   1949    1936   -13
15:05:30   40    0   1949    1936   -13
15:05:31   40    0   1949    1936   -13
15:05:32   40    0   1949    1936   -13
15:05:33   40    0   1949    1936   -13
15:05:34   40    0   1949    1936   -13
15:05:35   40    0   1949    1936   -13
15:05:36   40    0   1949    1936   -13
15:05:37   40    0   1949    1936   -13
15:05:38   40    0   1949    1936   -13
15:05:39   40    0   1949    1936   -13
15:05:40   40    0   1949    1936   -13
15:05:41   40    0   1949    1936   -13
15:05:42   40    0   1949    1936   -13
15:05:43   40    0   1949    1936   -13
15:05:44   40    0   1949    1936   -13
15:05:45   40    0   1949    1936   -13
15:05:46   40    0   1949    1936   -13
15:05:47   40    0   1949    1936   -13
15:05:48   40    0   1949    1936   -13
15:05:49   40    0   1949    1936   -13
15:05:50   40    0   1949    1936   -13
15:05:51   40    0   1949    1936   -13
15:05:52   40    0   1949    1936   -13
15:05:53   40    0   1949    1936   -13
15:05:54   40    0   1949    1936   -13
15:05:55   40    0   1949    1936   -13
15:05:56   40    0   1949    1936   -13
15:05:57   40    0   1949    1936   -13
15:05:58   40    0   1949    1936   -13
15:05:59   40    0   1949    1936   -13
15:06:00   40    0   1949    1936   -13
15:06:01   40    0   1949    1936   -13
15:06:02   40    0   1949    1936   -13
15:06:03   40    0   1949    1936   -13
15:06:04   40    0   1949    1936   -13
15:06:05   40    0   1949    1936   -13
15:06:06   40    0   1949    1936   -13
15:06:07   40    0   1949    1936   -13
15:06:08   40    0   1949    1936   -13
15:06:09   40    0   1949    1936   -13
15:06:10   40    0   1949    1936   -13
15:06:11   40    0   1949    1936   -13
15:06:12   40    0   1949    1936   -13
15:06:13   40    0   1949    1936   -13
15:06:14   40    0   1949    1936   -13
15:06:15   40    0   1949    1936   -13
15:06:16   40    0   1949    1936   -13
15:06:17   40    0   1949    1936   -13
15:06:18   40    0   1949    1936   -13
15:06:19   40    0   1949    1936   -13
15:06:20   40    0   1949    1936   -13
15:06:21   40    0   1949    1936   -13
15:06:22   40    0   1949    1936   -13
15:06:23   40    0   1949    1936   -13
15:06:24   40    0   1949    1936   -13
15:06:25   40    0   1949    1936   -13
15:06:26   40    0   1949    1936   -13
15:06:27   40    0   1949    1936   -13
15:06:28   40    0   1949    1936   -13
15:06:29   40    0   1949    1936   -13
15:06:30   40    0   1949    1936   -13
15:06:31   40    0   1949    1936   -13
15:06:32   40    0   1949    1936   -13
15:06:33   40    0   1949    1936   -13
15:06:34   40    0   1949    1936   -13
15:06:35   40    0   1949    1936   -13
15:06:36   40    0   1949    1936   -13
15:06:37   40    0   1949    1936   -13
15:06:38   40    0   1949    1936   -13
15:06:39   40    0   1949    1936   -13
15:06:40   40    0   1949    1936   -13
15:06:41   40    0   1949    1936   -13
15:06:42   40    0   1949    1936   -13
15:06:43   40    0   1949    1936   -13
15:06:44   40    0   1949    1936   -13
15:06:45   40    0   1949    1936   -13
15:06:46   40    0   1949    1936   -13
15:06:47   40    0   1949    1936   -13
15:06:48   40    0   1949    1936   -13
15:06:49   40    0   1949    1936   -13
15:06:50   40    0   1949    1936   -13
15:06:51   40    0   1949    1936   -13
15:06:52   40    0   1949    1936   -13
15:06:53   40    0   1949    1936   -13
15:06:54   40    0   1949    1936   -13
15:06:55   40    0   1949    1936   -13
15:06:56   40    0   1949    1936   -13
15:06:57   40    0   1949    1936   -13
15:06:58   40    0   1949    1936   -13
15:06:59   40    0   1949    1936   -13
15:07:00   40    0   1949    1936   -13
15:07:01   40    0   1949    1936   -13
15:07:02   40    0   1949    1936   -13
15:07:03   40    0   1949    1936   -13
15:07:04   40    0   1949    1936   -13
15:07:05   40    0   1949    1936   -13
15:07:06   40    0   1949    1936   -13
15:07:07   40    0   1949    1936   -13
15:07:08   40    0   1949    1936   -13
15:07:09   40    0   1949    1936   -13
15:07:10   40    0   1949    1936   -13
15:07:11   40    0   1949    1936   -13
15:07:12   40    0   1949    1936   -13
15:07:13   40    0   1949    1936   -13
15:07:14   40    0   1949    1936   -13
15:07:15   40    0   1949    1936   -13
15:07:16   40    0   1949    1936   -13
15:07:17   40    0   1949    1936   -13
15:07:18   40    0   1949    1936   -13
15:07:19   40    0   1949    1936   -13
15:07:20   40    0   1949    1936   -13
15:07:21   40    0   1949    1936   -13
15:07:22   40    0   1949    1936   -13
15:07:23   40    0   1949    1936   -13
15:07:24   40    0   1949    1936   -13
15:07:25   40    0   1949    1936   -13
15:07:26   40    0   1949    1936   -13
15:07:27   40    0   1949    1936   -13
15:07:28   40    0   1949    1936   -13
15:07:29   40    0   1949    1936   -13
15:07:30   40    0   1949    1936   -13
15:07:31   40    0   1949    1936   -13
15:07:32   40    0   1949    1936   -13
15:07:33   40    0   1949    1936   -13
15:07:34   40    0   1949    1936   -13
15:07:35   40    0   1949    1936   -13
15:07:36   40    0   1949    1936   -13
15:07:37   40    0   1949    1936   -13
15:07:38   40    0   1949    1936   -13
15:07:39   40    0   1949    1936   -13
15:07:40   40    0   1949    1936   -13
15:07:41   40    0   1949    1936   -13
15:07:42   40    0   1949    1936   -13
15:07:43   40    0   1949    1936   -13
15:07:44   40    0   1949    1936   -13
15:07:45   40    0   1949    1936   -13
15:07:46   40    0   1949    1936   -13
15:07:47   40    0   1949    1936   -13
15:07:48   40    0   1949    1936   -13
15:07:49   40    0   1949    1936   -13
15:07:50   40    0   1949    1936   -13
15:07:51   40    0   1949    1936   -13
15:07:52   40    0   1949    1936   -13
15:07:53   40    0   1949    1936   -13
15:07:54   40    0   1949    1936   -13
15:07:55   40    0   1949    1936   -13
15:07:56   40    0   1949    1936   -13
15:07:57   40    0   1949    1936   -13
15:07:58   40    0   1949    1936   -13
15:07:59   40    0   1949    1936   -13
15:08:00   40    0   1949    1936   -13
15:08:01   40    0   1949    1936   -13
15:08:02   40    0   1949    1936   -13
15:08:03   40    0   1949    1936   -13
15:08:04   40    0   1949    1936   -13
15:08:05   40    0   1949    1936   -13
15:08:06   40    0   1949    1936   -13
15:08:07   40    0   1949    1936   -13
15:08:08   40    0   1949    1936   -13
15:08:09   40    0   1949    1936   -13
15:08:10   40    0   1949    1936   -13
15:08:11   40    0   1949    1936   -13
15:08:12   40    0   1949    1936   -13
15:08:13   40    0   1949    1936   -13
15:08:14   40    0   1949    1936   -13
15:08:15   40    0   1949    1936   -13
15:08:16   40    0   1949    1936   -13
15:08:17   40    0   1949    1936   -13
15:08:18   40    0   1949    1936   -13
15:08:19   40    0   1949    1936   -13
15:08:20   40    0   1949    1936   -13
15:08:21   40    0   1949    1936   -13
15:08:22   40    0   1949    1936   -13
15:08:23   40    0   1949    1936   -13
15:08:24   40    0   1949    1936   -13
15:08:25   40    0   1949    1936   -13
15:08:26   40    0   1949    1936   -13
15:08:27   40    0   1949    1936   -13
15:08:28   40    0   1949    1936   -13
15:08:29   40    0   1949    1936   -13
15:08:30   40    0   1949    1936   -13
15:08:31   40    0   1949    1936   -13
15:08:32   40    0   1949    1936   -13
15:08:33   40    0   1949    1936   -13
15:08:34   40    0   1949    1936   -13
15:08:35   40    0   1949    1936   -13
15:08:36   40    0   1949    1936   -13
15:08:37   40    0   1949    1936   -13
15:08:38   40    0   1949    1936   -13
15:08:39   40    0   1949    1936   -13
15:08:40   40    0   1949    1936   -13
15:08:41   40    0   1949    1936   -13
15:08:42   40    0   1949    1936   -13
15:08:43   40    0   1949    1936   -13
15:08:44   40    0   1949    1936   -13
15:08:45   40    0   1949    1936   -13
15:08:46   40    0   1949    1936   -13
15:08:47   40    0   1949    1936   -13
15:08:48   40    0   1949    1936   -13
15:08:49   40    0   1949    1936   -13
15:08:50   40    0   1949    1936   -13
15:08:51   40    0   1949    1936   -13
15:08:52   40    0   1949    1936   -13
15:08:53   40    0   1949    1936   -13
15:08:54   40    0   1949    1936   -13
15:08:55   40    0   1949    1936   -13
15:08:56   40    0   1949    1936   -13
15:08:57   40    0   1949    1936   -13
15:08:58   40    0   1949    1936   -13
15:08:59   40    0   1949    1936   -13
15:09:00   40    0   1949    1936   -13
15:09:01   40    0   1949    1936   -13
15:09:02   40    0   1949    1936   -13
15:09:03   40    0   1949    1936   -13
15:09:04   40    0   1949    1936   -13
15:09:05   40    0   1949    1936   -13
15:09:06   40    0   1949    1936   -13
15:09:07   40    0   1949    1936   -13
15:09:08   40    0   1949    1936   -13
15:09:09   40    0   1949    1936   -13
15:09:10   40    0   1949    1936   -13
15:09:11   40    0   1949    1936   -13
15:09:12   40    0   1949    1936   -13
15:09:13   40    0   1949    1936   -13
15:09:14   40    0   1949    1936   -13
15:09:15   40    0   1949    1936   -13
15:09:16   40    0   1949    1936   -13
15:09:17   40    0   1949    1936   -13
15:09:18   40    0   1949    1936   -13
15:09:19   40    0   1949    1936   -13
15:09:20   40    0   1949    1936   -13
15:09:21   40    0   1949    1936   -13
15:09:22   40    0   1949    1936   -13
15:09:23   40    0   1949    1936   -13
15:09:24   40    0   1949    1936   -13
15:09:25   40    0   1949    1936   -13
15:09:26   40    0   1949    1936   -13
15:09:27   40    0   1949    1936   -13
15:09:28   40    0   1949    1936   -13
15:09:29   40    0   1949    1936   -13
15:09:30   40    0   1949    1936   -13
15:09:31   40    0   1949    1936   -13
15:09:32   40    0   1949    1936   -13
15:09:33   40    0   1949    1936   -13
15:09:34   40    0   1949    1936   -13
15:09:35   40    0   1949    1936   -13
15:09:36   40    0   1949    1936   -13
15:09:37   40    0   1949    1936   -13
15:09:38   40    0   1949    1936   -13
15:09:39   40    0   1949    1936   -13
15:09:40   40    0   1949    1936   -13
15:09:41   40    0   1949    1936   -13
15:09:42   40    0   1949    1936   -13
15:09:43   40    0   1949    1936   -13
15:09:44   40    0   1949    1936   -13
15:09:45   40    0   1949    1936   -13
15:09:46   40    0   1949    1936   -13
15:09:47   40    0   1949    1936   -13
15:09:48   40    0   1949    1936   -13
15:09:49   40    0   1949    1936   -13
15:09:50   40    0   1949    1936   -13
15:09:51   40    0   1949    1936   -13
15:09:52   40    0   1949    1936   -13
15:09:53   40    0   1949    1936   -13
15:09:54   40    0   1949    1936   -13
15:09:55   40    0   1949    1936   -13
15:09:56   40    0   1949    1936   -13
15:09:57   40    0   1949    1936   -13
15:09:58   40    0   1949    1936   -13
15:09:59   40    0   1949    1936   -13
15:10:00   40    0   1949    1936   -13
15:10:01   40    0   1949    1936   -13
15:10:02   40    0   1949    1936   -13
15:10:03   40    0   1949    1936   -13
15:10:04   40    0   1949    1936   -13
15:10:05   40    0   1949    1936   -13
15:10:06   40    0   1949    1936   -13
15:10:07   40    0   1949    1936   -13
15:10:08   40    0   1949    1936   -13
15:10:09   40    0   1949    1936   -13
15:10:10   40    0   1949    1936   -13
15:10:11   40    0   1949    1936   -13
15:10:12   40    0   1949    1936   -13
15:10:13   40    0   1949    1936   -13
15:10:14   40    0   1949    1936   -13
15:10:15   40    0   1949    1936   -13
15:10:16   40    0   1949    1936   -13
15:10:17   40    0   1949    1936   -13
15:10:18   40    0   1949    1936   -13
15:10:19   40    0   1949    1936   -13
15:10:20   40    0   1949    1936   -13
15:10:21   40    0   1949    1936   -13
15:10:22   40    0   1949    1936   -13
15:10:23   40    0   1949    1936   -13
15:10:24   40    0   1949    1936   -13
15:10:25   40    0   1949    1936   -13
15:10:26   40    0   1949    1936   -13
15:10:27   40    0   1949    1936   -13
15:10:28   40    0   1949    1936   -13
15:10:29   40    0   1949    1936   -13
15:10:30   40    0   1949    1936   -13
15:10:31   40    0   1949    1936   -13
15:10:32   40    0   1949    1936   -13
15:10:33   40    0   1949    1936   -13
15:10:34   40    0   1949    1936   -13
15:10:35   40    0   1949    1936   -13
15:10:36   40    0   1949    1936   -13
15:10:37   40    0   1949    1936   -13
15:10:38   40    0   1949    1936   -13
15:10:39   40    0   1949    1936   -13
15:10:40   40    0   1949    1936   -13
15:10:41   40    0   1949    1936   -13
15:10:42   40    0   1949    1936   -13
15:10:43   40    0   1949    1936   -13
15:10:44   40    0   1949    1936   -13
15:10:45   40    0   1949    1936   -13
15:10:46   40    0   1949    1936   -13
15:10:47   40    0   1949    1936   -13
15:10:48   40    0   1949    1936   -13
15:10:49   40    0   1949    1936   -13
15:10:50   40    0   1949    1936   -13
15:10:51   40    0   1949    1936   -13
15:10:52   40    0   1949    1936   -13
15:10:53   40    0   1949    1936   -13
15:10:54   40    0   1949    1936   -13
15:10:55   40    0   1949    1936   -13
15:10:56   40    0   1949    1936   -13
15:10:57   40    0   1949    1936   -13
15:10:58   40    0   1949    1936   -13
15:10:59   40    0   1949    1936   -13
15:11:00   40    0   1949    1936   -13
15:11:01   40    0   1949    1936   -13
15:11:02   40    0   1949    1936   -13
15:11:03   40    0   1949    1936   -13
15:11:04   40    0   1949    1936   -13
15:11:05   40    0   1949    1936   -13
15:11:06   40    0   1949    1936   -13
15:11:07   40    0   1949    1936   -13
15:11:08   40    0   1949    1936   -13
15:11:09   40    0   1949    1936   -13
15:11:10   40    0   1949    1936   -13
15:11:11   40    0   1949    1936   -13
15:11:12   40    0   1949    1936   -13
15:11:13   40    0   1949    1936   -13
15:11:14   40    0   1949    1936   -13
15:11:15   40    0   1949    1936   -13
15:11:16   40    0   1949    1936   -13
15:11:17   40    0   1949    1936   -13
15:11:18   40    0   1949    1936   -13
15:11:19   40    0   1949    1936   -13
15:11:20   40    0   1949    1936   -13
15:11:21   40    0   1949    1936   -13
15:11:22   40    0   1949    1936   -13
15:11:23   40    0   1949    1936   -13
15:11:24   40    0   1949    1936   -13
15:11:25   40    0   1949    1936   -13
15:11:26   40    0   1949    1936   -13
15:11:27   40    0   1949    1936   -13
15:11:28   40    0   1949    1936   -13
15:11:29   40    0   1949    1936   -13
15:11:30   40    0   1949    1936   -13
15:11:31   40    0   1949    1936   -13
15:11:32   40    0   1949    1936   -13
15:11:33   40    0   1949    1936   -13
15:11:34   40    0   1949    1936   -13
15:11:35   40    0   1949    1936   -13
15:11:36   40    0   1949    1936   -13
15:11:37   40    0   1949    1936   -13
15:11:38   40    0   1949    1936   -13
15:11:39   40    0   1949    1936   -13
15:11:40   40    0   1949    1936   -13
15:11:41   40    0   1949    1936   -13
15:11:42   40    0   1949    1936   -13
15:11:43   40    0   1949    1936   -13
15:11:44   40    0   1949    1936   -13
15:11:45   40    0   1949    1936   -13
15:11:46   40    0   1949    1936   -13
15:11:47   40    0   1949    1936   -13
15:11:48   40    0   1949    1936   -13
15:11:49   40    0   1949    1936   -13
15:11:50   40    0   1949    1936   -13
15:11:51   40    0   1949    1936   -13
15:11:52   40    0   1949    1936   -13
15:11:53   40    0   1949    1936   -13
15:11:54   40    0   1949    1936   -13
15:11:55   40    0   1949    1936   -13
15:11:56   40    0   1949    1936   -13
15:11:57   40    0   1949    1936   -13
15:11:58   40    0   1949    1936   -13
15:11:59   40    0   1949    1936   -13
15:12:00   40    0   1949    1936   -13
15:12:01   40    0   1949    1936   -13
15:12:02   40    0   1949    1936   -13
15:12:03   40    0   1949    1936   -13
15:12:04   40    0   1949    1936   -13
15:12:05   40    0   1949    1936   -13
15:12:06   40    0   1949    1936   -13
15:12:07   40    0   1949    1936   -13
15:12:08   40    0   1949    1936   -13
15:12:09   40    0   1949    1936   -13
15:12:10   40    0   1949    1936   -13
15:12:11   40    0   1949    1936   -13
15:12:12   40    0   1949    1936   -13
15:12:13   40    0   1949    1936   -13
15:12:14   40    0   1949    1936   -13
15:12:15   40    0   1949    1936   -13
15:12:16   40    0   1949    1936   -13
15:12:17   40    0   1949    1936   -13
15:12:18   40    0   1949    1936   -13
15:12:19   40    0   1949    1936   -13
15:12:20   40    0   1949    1936   -13
15:12:21   40    0   1949    1936   -13
15:12:22   40    0   1949    1936   -13
15:12:23   40    0   1949    1936   -13
15:12:24   40    0   1949    1936   -13
15:12:25   40    0   1949    1936   -13
15:12:26   40    0   1949    1936   -13
15:12:27   40    0   1949    1936   -13
15:12:28   40    0   1949    1936   -13
15:12:29   40    0   1949    1936   -13
15:12:30   40    0   1949    1936   -13
15:12:31   40    0   1949    1936   -13
15:12:32   40    0   1949    1936   -13
15:12:33   40    0   1949    1936   -13
15:12:34   40    0   1949    1936   -13
15:12:35   40    0   1949    1936   -13
15:12:36   40    0   1949    1936   -13
15:12:37   40    0   1949    1936   -13
15:12:38   40    0   1949    1936   -13
15:12:39   40    0   1949    1936   -13
15:12:40   40    0   1949    1936   -13
15:12:41   40    0   1949    1936   -13
15:12:42   40    0   1949    1936   -13
15:12:43   40    0   1949    1936   -13
15:12:44   40    0   1949    1936   -13
15:12:45   40    0   1949    1936   -13
15:12:46   40    0   1949    1936   -13
15:12:47   40    0   1949    1936   -13
15:12:48   40    0   1949    1936   -13
15:12:49   40    0   1949    1936   -13
15:12:50   40    0   1949    1936   -13
15:12:51   40    0   1949    1936   -13
15:12:52   40    0   1949    1936   -13
15:12:53   40    0   1949    1936   -13
15:12:54   40    0   1949    1936   -13
15:12:55   40    0   1949    1936   -13
15:12:56   40    0   1949    1936   -13
15:12:57   40    0   1949    1936   -13
15:12:58   40    0   1949    1936   -13
15:12:59   40    0   1949    1936   -13
15:13:00   40    0   1949    1936   -13
15:13:01   40    0   1949    1936   -13
15:13:02   40    0   1949    1936   -13
15:13:03   40    0   1949    1936   -13
15:13:04   40    0   1949    1936   -13
15:13:05   40    0   1949    1936   -13
15:13:06   40    0   1949    1936   -13
15:13:07   40    0   1949    1936   -13
15:13:08   40    0   1949    1936   -13
15:13:09   40    0   1949    1936   -13
15:13:10   40    0   1949    1936   -13
15:13:11   40    0   1949    1936   -13
15:13:12   40    0   1949    1936   -13
15:13:13   40    0   1949    1936   -13
15:13:14   40    0   1949    1936   -13
15:13:15   40    0   1949    1936   -13
15:13:16   40    0   1949    1936   -13
15:13:17   40    0   1949    1936   -13
15:13:18   40    0   1949    1936   -13
15:13:19   40    0   1949    1936   -13
15:13:20   40    0   1949    1936   -13
15:13:21   40    0   1949    1936   -13
15:13:22   40    0   1949    1936   -13
15:13:23   40    0   1949    1936   -13
15:13:24   40    0   1949    1936   -13
15:13:25   40    0   1949    1936   -13
15:13:26   40    0   1949    1936   -13
15:13:27   40    0   1949    1936   -13
15:13:28   40    0   1949    1936   -13
15:13:29   40    0   1949    1936   -13
15:13:30   40    0   1949    1936   -13
15:13:31   40    0   1949    1936   -13
15:13:32   40    0   1949    1936   -13
15:13:33   40    0   1949    1936   -13
15:13:34   40    0   1949    1936   -13
15:13:35   40    0   1949    1936   -13
15:13:36   40    0   1949    1936   -13
15:13:37   40    0   1949    1936   -13
15:13:38   40    0   1949    1936   -13
15:13:39   40    0   1949    1936   -13
15:13:40   40    0   1949    1936   -13
15:13:41   40    0   1949    1936   -13
15:13:42   40    0   1949    1936   -13
15:13:43   40    0   1949    1936   -13
15:13:44   40    0   1949    1936   -13
15:13:45   40    0   1949    1936   -13
15:13:46   40    0   1949    1936   -13
15:13:47   40    0   1949    1936   -13
15:13:48   40    0   1949    1936   -13
15:13:49   40    0   1949    1936   -13
15:13:50   40    0   1949    1936   -13
15:13:51   40    0   1949    1936   -13
15:13:52   40    0   1949    1936   -13
15:13:53   40    0   1949    1936   -13
15:13:54   40    0   1949    1936   -13
15:13:55   40    0   1949    1936   -13
15:13:56   40    0   1949    1936   -13
15:13:57   40    0   1949    1936   -13
15:13:58   40    0   1949    1936   -13
15:13:59   40    0   1949    1936   -13
15:14:00   40    0   1949    1936   -13
15:14:01   40    0   1949    1936   -13
15:14:02   40    0   1949    1936   -13
15:14:03   40    0   1949    1936   -13
15:14:04   40    0   1949    1936   -13
15:14:05   40    0   1949    1936   -13
15:14:06   40    0   1949    1936   -13
15:14:07   40    0   1949    1936   -13
15:14:08   40    0   1949    1936   -13
15:14:09   40    0   1949    1936   -13
15:14:10   40    0   1949    1936   -13
15:14:11   40    0   1949    1936   -13
15:14:12   40    0   1949    1936   -13
15:14:13   40    0   1949    1936   -13
15:14:14   40    0   1949    1936   -13
15:14:15   40    0   1949    1936   -13
15:14:16   40    0   1949    1936   -13
15:14:17   40    0   1949    1936   -13
15:14:18   40    0   1949    1936   -13
15:14:19   40    0   1949    1936   -13
15:14:20   40    0   1949    1936   -13
15:14:21   40    0   1949    1936   -13
15:14:22   40    0   1949    1936   -13
15:14:23   40    0   1949    1936   -13
15:14:24   40    0   1949    1936   -13
15:14:25   40    0   1949    1936   -13
15:14:26   40    0   1949    1936   -13
15:14:27   40    0   1949    1936   -13
15:14:28   40    0   1949    1936   -13
15:14:29   40    0   1949    1936   -13
15:14:30   40    0   1949    1936   -13
15:14:31   40    0   1949    1936   -13
15:14:32   40    0   1949    1936   -13
15:14:33   40    0   1949    1936   -13
15:14:34   40    0   1949    1936   -13
15:14:35   40    0   1949    1936   -13
15:14:36   40    0   1949    1936   -13
15:14:37   40    0   1949    1936   -13
15:14:38   40    0   1949    1936   -13
15:14:39   40    0   1949    1936   -13
15:14:40   40    0   1949    1936   -13
15:14:41   40    0   1949    1936   -13
15:14:42   40    0   1949    1936   -13
15:14:43   40    0   1949    1936   -13
15:14:44   40    0   1949    1936   -13
15:14:45   40    0   1949    1936   -13
15:14:46   40    0   1949    1936   -13
15:14:47   40    0   1949    1936   -13
15:14:48   40    0   1949    1936   -13
15:14:49   40    0   1949    1936   -13
15:14:50   40    0   1949    1936   -13
15:14:51   40    0   1949    1936   -13
15:14:52   40    0   1949    1936   -13
15:14:53   40    0   1949    1936   -13
15:14:54   40    0   1949    1936   -13
15:14:55   40    0   1949    1936   -13
15:14:56   40    0   1949    1936   -13
15:14:57   40    0   1949    1936   -13
15:14:58   40    0   1949    1936   -13
15:14:59   40    0   1949    1936   -13
15:15:00   40    0   1949    1936   -13
15:15:01   40    0   1949    1936   -13
15:15:02   40    0   1949    1936   -13
15:15:03   40    0   1949    1936   -13
15:15:04   40    0   1949    1936   -13
15:15:05   40    0   1949    1936   -13
15:15:06   40    0   1949    1936   -13
15:15:07   40    0   1949    1936   -13
15:15:08   40    0   1949    1936   -13
15:15:09   40    0   1949    1936   -13
15:15:10   40    0   1949    1936   -13
15:15:11   40    0   1949    1936   -13
15:15:12   40    0   1949    1936   -13
15:15:13   40    0   1949    1936   -13
15:15:14   40    0   1949    1936   -13
15:15:15   40    0   1949    1936   -13
15:15:16   40    0   1949    1936   -13
15:15:17   40    0   1949    1936   -13
15:15:18   40    0   1949    1936   -13
15:15:19   40    0   1949    1936   -13
15:15:20   40    0   1949    1936   -13
15:15:21   40    0   1949    1936   -13
15:15:22   40    0   1949    1936   -13
15:15:23   40    0   1949    1936   -13
15:15:24   40    0   1949    1936   -13
15:15:25   40    0   1949    1936   -13
15:15:26   40    0   1949    1936   -13
15:15:27   40    0   1949    1936   -13
15:15:28   40    0   1949    1936   -13
15:15:29   40    0   1949    1936   -13
15:15:30   40    0   1949    1936   -13
15:15:31   40    0   1949    1936   -13
15:15:32   40    0   1949    1936   -13
15:15:33   40    0   1949    1936   -13
15:15:34   40    0   1949    1936   -13
15:15:35   40    0   1949    1936   -13
15:15:36   40    0   1949    1936   -13
15:15:37   40    0   1949    1936   -13
15:15:38   40    0   1949    1936   -13
15:15:39   40    0   1949    1936   -13
15:15:40   40    0   1949    1936   -13
15:15:41   40    0   1949    1936   -13
15:15:42   40    0   1949    1936   -13
15:15:43   40    0   1949    1936   -13
15:15:44   40    0   1949    1936   -13
15:15:45   40    0   1949    1936   -13
15:15:46   40    0   1949    1936   -13
15:15:47   40    0   1949    1936   -13
15:15:48   40    0   1949    1936   -13
15:15:49   40    0   1949    1936   -13
15:15:50   40    0   1949    1936   -13
15:15:51   40    0   1949    1936   -13
15:15:52   40    0   1949    1936   -13
15:15:53   40    0   1949    1936   -13
15:15:54   40    0   1949    1936   -13
15:15:55   40    0   1949    1936   -13
15:15:56   40    0   1949    1936   -13
15:15:57   40    0   1949    1936   -13
15:15:58   40    0   1949    1936   -13
15:15:59   40    0   1949    1936   -13
15:16:00   40    0   1949    1936   -13
15:16:01   40    0   1949    1936   -13
15:16:02   40    0   1949    1936   -13
15:16:03   40    0   1949    1936   -13
15:16:04   40    0   1949    1936   -13
15:16:05   40    0   1949    1936   -13
15:16:06   40    0   1949    1936   -13
15:16:07   40    0   1949    1936   -13
15:16:08   40    0   1949    1936   -13
15:16:09   40    0   1949    1936   -13
15:16:10   40    0   1949    1936   -13
15:16:11   40    0   1949    1936   -13
15:16:12   40    0   1949    1936   -13
15:16:13   40    0   1949    1936   -13
15:16:14   40    0   1949    1936   -13
15:16:15   40    0   1949    1936   -13
15:16:16   40    0   1949    1936   -13
15:16:17   40    0   1949    1936   -13
15:16:18   40    0   1949    1936   -13
15:16:19   40    0   1949    1936   -13
15:16:20   40    0   1949    1936   -13
15:16:21   40    0   1949    1936   -13
15:16:22   40    0   1949    1936   -13
15:16:23   40    0   1949    1936   -13
15:16:24   40    0   1949    1936   -13
david@ngr-pi:~ $ 
